2	1	235	1219	292
48001999	48001905
0	0	0	100	100	100	0	1	1
0	100	0	100	200	100	0	1	1
0	200	0	100	300	100	0	1	1
0	300	0	100	400	100	0	1	1
0	400	0	100	500	100	0	1	1
0	500	0	100	600	100	0	1	1
0	600	0	100	700	100	0	1	1
0	700	0	100	800	100	0	1	1
0	800	0	100	900	100	0	1	1
0	900	0	100	1000	100	0	1	1
0	1000	0	100	1100	100	0	1	1
0	1100	0	100	1200	100	0	1	1
100	0	0	200	100	100	0	1	1
100	100	0	200	200	100	0	1	1
100	200	0	200	300	100	0	1	1
100	300	0	200	400	100	0	1	1
100	400	0	200	500	100	0	1	1
100	500	0	200	600	100	0	1	1
100	600	0	200	700	100	0	1	1
100	700	0	200	800	100	0	1	1
100	800	0	200	900	100	0	1	1
100	900	0	200	1000	100	0	1	1
100	1000	0	200	1100	100	0	1	1
100	1100	0	200	1200	100	0	1	1
0	0	100	100	100	200	0	1	1
0	100	100	100	200	200	0	1	1
0	200	100	100	300	200	0	1	1
0	300	100	100	400	200	0	1	1
0	400	100	100	500	200	0	1	1
0	500	100	100	600	200	0	1	1
0	600	100	100	700	200	0	1	1
0	700	100	100	800	200	0	1	1
0	800	100	100	900	200	0	1	1
0	900	100	100	1000	200	0	1	1
0	1000	100	100	1100	200	0	1	1
0	1100	100	100	1200	200	0	1	1
100	0	100	200	100	200	0	1	1
100	100	100	200	200	200	0	1	1
100	200	100	200	300	200	0	1	1
100	300	100	200	400	200	0	1	1
100	400	100	200	500	200	0	1	1
100	500	100	200	600	200	0	1	1
100	600	100	200	700	200	0	1	1
100	700	100	200	800	200	0	1	1
100	800	100	200	900	200	0	1	1
100	900	100	200	1000	200	0	1	1
100	1000	100	200	1100	200	0	1	1
100	1100	100	200	1200	200	0	1	1
0	0	200	1	1	201	1	1	1
0	1	200	1	2	201	1	1	1
0	2	200	1	3	201	1	1	1
0	3	200	1	4	201	1	1	1
0	4	200	1	5	201	1	1	1
0	5	200	1	6	201	1	1	1
0	6	200	1	7	201	1	1	1
0	7	200	1	8	201	1	1	1
0	8	200	1	9	201	1	1	1
1	0	200	2	1	201	1	1	1
1	1	200	2	2	201	1	1	1
1	2	200	2	3	201	1	1	1
1	3	200	2	4	201	1	1	1
1	4	200	2	5	201	1	1	1
1	5	200	2	6	201	1	1	1
1	6	200	2	7	201	1	1	1
1	7	200	2	8	201	1	1	1
1	8	200	2	9	201	1	1	1
2	0	200	3	1	201	1	1	1
2	1	200	3	2	201	1	1	1
2	2	200	3	3	201	1	1	1
2	3	200	3	4	201	1	1	1
2	4	200	3	5	201	1	1	1
2	5	200	3	6	201	1	1	1
2	6	200	3	7	201	1	1	1
2	7	200	3	8	201	1	1	1
2	8	200	3	9	201	1	1	1
3	0	200	4	1	201	1	1	1
3	1	200	4	2	201	1	1	1
3	2	200	4	3	201	1	1	1
3	3	200	4	4	201	1	1	1
3	4	200	4	5	201	1	1	1
3	5	200	4	6	201	1	1	1
3	6	200	4	7	201	1	1	1
3	7	200	4	8	201	1	1	1
3	8	200	4	9	201	1	1	1
4	0	200	5	1	201	1	1	1
4	1	200	5	2	201	1	1	1
4	2	200	5	3	201	1	1	1
4	3	200	5	4	201	1	1	1
4	4	200	5	5	201	1	1	1
4	5	200	5	6	201	1	1	1
4	6	200	5	7	201	1	1	1
4	7	200	5	8	201	1	1	1
4	8	200	5	9	201	1	1	1
5	0	200	6	1	201	1	1	1
5	1	200	6	2	201	1	1	1
5	2	200	6	3	201	1	1	1
5	3	200	6	4	201	1	1	1
5	4	200	6	5	201	1	1	1
5	5	200	6	6	201	1	1	1
5	6	200	6	7	201	1	1	1
5	7	200	6	8	201	1	1	1
5	8	200	6	9	201	1	1	1
6	0	200	7	1	201	1	1	1
6	1	200	7	2	201	1	1	1
6	2	200	7	3	201	1	1	1
6	3	200	7	4	201	1	1	1
6	4	200	7	5	201	1	1	1
6	5	200	7	6	201	1	1	1
6	6	200	7	7	201	1	1	1
6	7	200	7	8	201	1	1	1
6	8	200	7	9	201	1	1	1
7	0	200	8	1	201	1	1	1
7	1	200	8	2	201	1	1	1
7	2	200	8	3	201	1	1	1
7	3	200	8	4	201	1	1	1
7	4	200	8	5	201	1	1	1
7	5	200	8	6	201	1	1	1
7	6	200	8	7	201	1	1	1
7	7	200	8	8	201	1	1	1
7	8	200	8	9	201	1	1	1
8	0	200	9	1	201	1	1	1
8	1	200	9	2	201	1	1	1
8	2	200	9	3	201	1	1	1
8	3	200	9	4	201	1	1	1
8	4	200	9	5	201	1	1	1
8	5	200	9	6	201	1	1	1
8	6	200	9	7	201	1	1	1
8	7	200	9	8	201	1	1	1
8	8	200	9	9	201	1	1	1
9	0	200	10	1	201	1	1	1
9	1	200	10	2	201	1	1	1
9	2	200	10	3	201	1	1	1
9	3	200	10	4	201	1	1	1
9	4	200	10	5	201	1	1	1
9	5	200	10	6	201	1	1	1
9	6	200	10	7	201	1	1	1
9	7	200	10	8	201	1	1	1
9	8	200	10	9	201	1	1	1
10	0	200	11	1	201	1	1	1
10	1	200	11	2	201	1	1	1
10	2	200	11	3	201	1	1	1
10	3	200	11	4	201	1	1	1
10	4	200	11	5	201	1	1	1
10	5	200	11	6	201	1	1	1
10	6	200	11	7	201	1	1	1
10	7	200	11	8	201	1	1	1
10	8	200	11	9	201	1	1	1
11	0	200	12	1	201	1	1	1
11	1	200	12	2	201	1	1	1
11	2	200	12	3	201	1	1	1
11	3	200	12	4	201	1	1	1
11	4	200	12	5	201	1	1	1
11	5	200	12	6	201	1	1	1
11	6	200	12	7	201	1	1	1
11	7	200	12	8	201	1	1	1
11	8	200	12	9	201	1	1	1
12	0	200	13	1	201	1	1	1
12	1	200	13	2	201	1	1	1
12	2	200	13	3	201	1	1	1
12	3	200	13	4	201	1	1	1
12	4	200	13	5	201	1	1	1
12	5	200	13	6	201	1	1	1
12	6	200	13	7	201	1	1	1
12	7	200	13	8	201	1	1	1
12	8	200	13	9	201	1	1	1
13	0	200	14	1	201	1	1	1
13	1	200	14	2	201	1	1	1
13	2	200	14	3	201	1	1	1
13	3	200	14	4	201	1	1	1
13	4	200	14	5	201	1	1	1
13	5	200	14	6	201	1	1	1
13	6	200	14	7	201	1	1	1
13	7	200	14	8	201	1	1	1
13	8	200	14	9	201	1	1	1
14	0	200	15	1	201	1	1	1
14	1	200	15	2	201	1	1	1
14	2	200	15	3	201	1	1	1
14	3	200	15	4	201	1	1	1
14	4	200	15	5	201	1	1	1
14	5	200	15	6	201	1	1	1
14	6	200	15	7	201	1	1	1
14	7	200	15	8	201	1	1	1
14	8	200	15	9	201	1	1	1
15	0	200	16	1	201	1	1	1
15	1	200	16	2	201	1	1	1
15	2	200	16	3	201	1	1	1
15	3	200	16	4	201	1	1	1
15	4	200	16	5	201	1	1	1
15	5	200	16	6	201	1	1	1
15	6	200	16	7	201	1	1	1
15	7	200	16	8	201	1	1	1
15	8	200	16	9	201	1	1	1
16	0	200	17	1	201	1	1	1
16	1	200	17	2	201	1	1	1
16	2	200	17	3	201	1	1	1
16	3	200	17	4	201	1	1	1
16	4	200	17	5	201	1	1	1
16	5	200	17	6	201	1	1	1
16	6	200	17	7	201	1	1	1
16	7	200	17	8	201	1	1	1
16	8	200	17	9	201	1	1	1
17	0	200	18	1	201	1	1	1
17	1	200	18	2	201	1	1	1
17	2	200	18	3	201	1	1	1
17	3	200	18	4	201	1	1	1
17	4	200	18	5	201	1	1	1
17	5	200	18	6	201	1	1	1
17	6	200	18	7	201	1	1	1
17	7	200	18	8	201	1	1	1
17	8	200	18	9	201	1	1	1
18	0	200	19	1	201	1	1	1
18	1	200	19	2	201	1	1	1
18	2	200	19	3	201	1	1	1
18	3	200	19	4	201	1	1	1
18	4	200	19	5	201	1	1	1
18	5	200	19	6	201	1	1	1
18	6	200	19	7	201	1	1	1
18	7	200	19	8	201	1	1	1
18	8	200	19	9	201	1	1	1
19	0	200	20	1	201	1	1	1
19	1	200	20	2	201	1	1	1
19	2	200	20	3	201	1	1	1
19	3	200	20	4	201	1	1	1
19	4	200	20	5	201	1	1	1
19	5	200	20	6	201	1	1	1
19	6	200	20	7	201	1	1	1
19	7	200	20	8	201	1	1	1
19	8	200	20	9	201	1	1	1
20	0	200	21	1	201	1	1	1
20	1	200	21	2	201	1	1	1
20	2	200	21	3	201	1	1	1
20	3	200	21	4	201	1	1	1
20	4	200	21	5	201	1	1	1
20	5	200	21	6	201	1	1	1
20	6	200	21	7	201	1	1	1
20	7	200	21	8	201	1	1	1
20	8	200	21	9	201	1	1	1
21	0	200	22	1	201	1	1	1
21	1	200	22	2	201	1	1	1
21	2	200	22	3	201	1	1	1
21	3	200	22	4	201	1	1	1
21	4	200	22	5	201	1	1	1
21	5	200	22	6	201	1	1	1
21	6	200	22	7	201	1	1	1
21	7	200	22	8	201	1	1	1
21	8	200	22	9	201	1	1	1
22	0	200	23	1	201	1	1	1
22	1	200	23	2	201	1	1	1
22	2	200	23	3	201	1	1	1
22	3	200	23	4	201	1	1	1
22	4	200	23	5	201	1	1	1
22	5	200	23	6	201	1	1	1
22	6	200	23	7	201	1	1	1
22	7	200	23	8	201	1	1	1
22	8	200	23	9	201	1	1	1
23	0	200	24	1	201	1	1	1
23	1	200	24	2	201	1	1	1
23	2	200	24	3	201	1	1	1
23	3	200	24	4	201	1	1	1
23	4	200	24	5	201	1	1	1
23	5	200	24	6	201	1	1	1
23	6	200	24	7	201	1	1	1
23	7	200	24	8	201	1	1	1
23	8	200	24	9	201	1	1	1
24	0	200	25	1	201	1	1	1
24	1	200	25	2	201	1	1	1
24	2	200	25	3	201	1	1	1
24	3	200	25	4	201	1	1	1
24	4	200	25	5	201	1	1	1
24	5	200	25	6	201	1	1	1
24	6	200	25	7	201	1	1	1
24	7	200	25	8	201	1	1	1
24	8	200	25	9	201	1	1	1
25	0	200	26	1	201	1	1	1
25	1	200	26	2	201	1	1	1
25	2	200	26	3	201	1	1	1
25	3	200	26	4	201	1	1	1
25	4	200	26	5	201	1	1	1
25	5	200	26	6	201	1	1	1
25	6	200	26	7	201	1	1	1
25	7	200	26	8	201	1	1	1
25	8	200	26	9	201	1	1	1
26	0	200	27	1	201	1	1	1
26	1	200	27	2	201	1	1	1
26	2	200	27	3	201	1	1	1
26	3	200	27	4	201	1	1	1
26	4	200	27	5	201	1	1	1
26	5	200	27	6	201	1	1	1
26	6	200	27	7	201	1	1	1
26	7	200	27	8	201	1	1	1
26	8	200	27	9	201	1	1	1
27	0	200	28	1	201	1	1	1
27	1	200	28	2	201	1	1	1
27	2	200	28	3	201	1	1	1
27	3	200	28	4	201	1	1	1
27	4	200	28	5	201	1	1	1
27	5	200	28	6	201	1	1	1
27	6	200	28	7	201	1	1	1
27	7	200	28	8	201	1	1	1
27	8	200	28	9	201	1	1	1
28	0	200	29	1	201	1	1	1
28	1	200	29	2	201	1	1	1
28	2	200	29	3	201	1	1	1
28	3	200	29	4	201	1	1	1
28	4	200	29	5	201	1	1	1
28	5	200	29	6	201	1	1	1
28	6	200	29	7	201	1	1	1
28	7	200	29	8	201	1	1	1
28	8	200	29	9	201	1	1	1
29	0	200	30	1	201	1	1	1
29	1	200	30	2	201	1	1	1
29	2	200	30	3	201	1	1	1
29	3	200	30	4	201	1	1	1
29	4	200	30	5	201	1	1	1
29	5	200	30	6	201	1	1	1
29	6	200	30	7	201	1	1	1
29	7	200	30	8	201	1	1	1
29	8	200	30	9	201	1	1	1
30	0	200	31	1	201	1	1	1
30	1	200	31	2	201	1	1	1
30	2	200	31	3	201	1	1	1
30	3	200	31	4	201	1	1	1
30	4	200	31	5	201	1	1	1
30	5	200	31	6	201	1	1	1
30	6	200	31	7	201	1	1	1
30	7	200	31	8	201	1	1	1
30	8	200	31	9	201	1	1	1
31	0	200	32	1	201	1	1	1
31	1	200	32	2	201	1	1	1
31	2	200	32	3	201	1	1	1
31	3	200	32	4	201	1	1	1
31	4	200	32	5	201	1	1	1
31	5	200	32	6	201	1	1	1
31	6	200	32	7	201	1	1	1
31	7	200	32	8	201	1	1	1
31	8	200	32	9	201	1	1	1
32	0	200	33	1	201	1	1	1
32	1	200	33	2	201	1	1	1
32	2	200	33	3	201	1	1	1
32	3	200	33	4	201	1	1	1
32	4	200	33	5	201	1	1	1
32	5	200	33	6	201	1	1	1
32	6	200	33	7	201	1	1	1
32	7	200	33	8	201	1	1	1
32	8	200	33	9	201	1	1	1
33	0	200	34	1	201	1	1	1
33	1	200	34	2	201	1	1	1
33	2	200	34	3	201	1	1	1
33	3	200	34	4	201	1	1	1
33	4	200	34	5	201	1	1	1
33	5	200	34	6	201	1	1	1
33	6	200	34	7	201	1	1	1
33	7	200	34	8	201	1	1	1
33	8	200	34	9	201	1	1	1
34	0	200	35	1	201	1	1	1
34	1	200	35	2	201	1	1	1
34	2	200	35	3	201	1	1	1
34	3	200	35	4	201	1	1	1
34	4	200	35	5	201	1	1	1
34	5	200	35	6	201	1	1	1
34	6	200	35	7	201	1	1	1
34	7	200	35	8	201	1	1	1
34	8	200	35	9	201	1	1	1
35	0	200	36	1	201	1	1	1
35	1	200	36	2	201	1	1	1
35	2	200	36	3	201	1	1	1
35	3	200	36	4	201	1	1	1
35	4	200	36	5	201	1	1	1
35	5	200	36	6	201	1	1	1
35	6	200	36	7	201	1	1	1
35	7	200	36	8	201	1	1	1
35	8	200	36	9	201	1	1	1
36	0	200	37	1	201	1	1	1
36	1	200	37	2	201	1	1	1
36	2	200	37	3	201	1	1	1
36	3	200	37	4	201	1	1	1
36	4	200	37	5	201	1	1	1
36	5	200	37	6	201	1	1	1
36	6	200	37	7	201	1	1	1
36	7	200	37	8	201	1	1	1
36	8	200	37	9	201	1	1	1
37	0	200	38	1	201	1	1	1
37	1	200	38	2	201	1	1	1
37	2	200	38	3	201	1	1	1
37	3	200	38	4	201	1	1	1
37	4	200	38	5	201	1	1	1
37	5	200	38	6	201	1	1	1
37	6	200	38	7	201	1	1	1
37	7	200	38	8	201	1	1	1
37	8	200	38	9	201	1	1	1
38	0	200	39	1	201	1	1	1
38	1	200	39	2	201	1	1	1
38	2	200	39	3	201	1	1	1
38	3	200	39	4	201	1	1	1
38	4	200	39	5	201	1	1	1
38	5	200	39	6	201	1	1	1
38	6	200	39	7	201	1	1	1
38	7	200	39	8	201	1	1	1
38	8	200	39	9	201	1	1	1
39	0	200	40	1	201	1	1	1
39	1	200	40	2	201	1	1	1
39	2	200	40	3	201	1	1	1
39	3	200	40	4	201	1	1	1
39	4	200	40	5	201	1	1	1
39	5	200	40	6	201	1	1	1
39	6	200	40	7	201	1	1	1
39	7	200	40	8	201	1	1	1
39	8	200	40	9	201	1	1	1
40	0	200	41	1	201	1	1	1
40	1	200	41	2	201	1	1	1
40	2	200	41	3	201	1	1	1
40	3	200	41	4	201	1	1	1
40	4	200	41	5	201	1	1	1
40	5	200	41	6	201	1	1	1
40	6	200	41	7	201	1	1	1
40	7	200	41	8	201	1	1	1
40	8	200	41	9	201	1	1	1
41	0	200	42	1	201	1	1	1
41	1	200	42	2	201	1	1	1
41	2	200	42	3	201	1	1	1
41	3	200	42	4	201	1	1	1
41	4	200	42	5	201	1	1	1
41	5	200	42	6	201	1	1	1
41	6	200	42	7	201	1	1	1
41	7	200	42	8	201	1	1	1
41	8	200	42	9	201	1	1	1
42	0	200	43	1	201	1	1	1
42	1	200	43	2	201	1	1	1
42	2	200	43	3	201	1	1	1
42	3	200	43	4	201	1	1	1
42	4	200	43	5	201	1	1	1
42	5	200	43	6	201	1	1	1
42	6	200	43	7	201	1	1	1
42	7	200	43	8	201	1	1	1
42	8	200	43	9	201	1	1	1
43	0	200	44	1	201	1	1	1
43	1	200	44	2	201	1	1	1
43	2	200	44	3	201	1	1	1
43	3	200	44	4	201	1	1	1
43	4	200	44	5	201	1	1	1
43	5	200	44	6	201	1	1	1
43	6	200	44	7	201	1	1	1
43	7	200	44	8	201	1	1	1
43	8	200	44	9	201	1	1	1
44	0	200	45	1	201	1	1	1
44	1	200	45	2	201	1	1	1
44	2	200	45	3	201	1	1	1
44	3	200	45	4	201	1	1	1
44	4	200	45	5	201	1	1	1
44	5	200	45	6	201	1	1	1
44	6	200	45	7	201	1	1	1
44	7	200	45	8	201	1	1	1
44	8	200	45	9	201	1	1	1
45	0	200	46	1	201	1	1	1
45	1	200	46	2	201	1	1	1
45	2	200	46	3	201	1	1	1
45	3	200	46	4	201	1	1	1
45	4	200	46	5	201	1	1	1
45	5	200	46	6	201	1	1	1
45	6	200	46	7	201	1	1	1
45	7	200	46	8	201	1	1	1
45	8	200	46	9	201	1	1	1
46	0	200	47	1	201	1	1	1
46	1	200	47	2	201	1	1	1
46	2	200	47	3	201	1	1	1
46	3	200	47	4	201	1	1	1
46	4	200	47	5	201	1	1	1
46	5	200	47	6	201	1	1	1
46	6	200	47	7	201	1	1	1
46	7	200	47	8	201	1	1	1
46	8	200	47	9	201	1	1	1
47	0	200	48	1	201	1	1	1
47	1	200	48	2	201	1	1	1
47	2	200	48	3	201	1	1	1
47	3	200	48	4	201	1	1	1
47	4	200	48	5	201	1	1	1
47	5	200	48	6	201	1	1	1
47	6	200	48	7	201	1	1	1
47	7	200	48	8	201	1	1	1
47	8	200	48	9	201	1	1	1
48	0	200	49	1	201	1	1	1
48	1	200	49	2	201	1	1	1
48	2	200	49	3	201	1	1	1
48	3	200	49	4	201	1	1	1
48	4	200	49	5	201	1	1	1
48	5	200	49	6	201	1	1	1
48	6	200	49	7	201	1	1	1
48	7	200	49	8	201	1	1	1
48	8	200	49	9	201	1	1	1
49	0	200	50	1	201	1	1	1
49	1	200	50	2	201	1	1	1
49	2	200	50	3	201	1	1	1
49	3	200	50	4	201	1	1	1
49	4	200	50	5	201	1	1	1
49	5	200	50	6	201	1	1	1
49	6	200	50	7	201	1	1	1
49	7	200	50	8	201	1	1	1
49	8	200	50	9	201	1	1	1
50	0	200	51	1	201	1	1	1
50	1	200	51	2	201	1	1	1
50	2	200	51	3	201	1	1	1
50	3	200	51	4	201	1	1	1
50	4	200	51	5	201	1	1	1
50	5	200	51	6	201	1	1	1
50	6	200	51	7	201	1	1	1
50	7	200	51	8	201	1	1	1
50	8	200	51	9	201	1	1	1
51	0	200	52	1	201	1	1	1
51	1	200	52	2	201	1	1	1
51	2	200	52	3	201	1	1	1
51	3	200	52	4	201	1	1	1
51	4	200	52	5	201	1	1	1
51	5	200	52	6	201	1	1	1
51	6	200	52	7	201	1	1	1
51	7	200	52	8	201	1	1	1
51	8	200	52	9	201	1	1	1
52	0	200	53	1	201	1	1	1
52	1	200	53	2	201	1	1	1
52	2	200	53	3	201	1	1	1
52	3	200	53	4	201	1	1	1
52	4	200	53	5	201	1	1	1
52	5	200	53	6	201	1	1	1
52	6	200	53	7	201	1	1	1
52	7	200	53	8	201	1	1	1
52	8	200	53	9	201	1	1	1
53	0	200	54	1	201	1	1	1
53	1	200	54	2	201	1	1	1
53	2	200	54	3	201	1	1	1
53	3	200	54	4	201	1	1	1
53	4	200	54	5	201	1	1	1
53	5	200	54	6	201	1	1	1
53	6	200	54	7	201	1	1	1
53	7	200	54	8	201	1	1	1
53	8	200	54	9	201	1	1	1
54	0	200	55	1	201	1	1	1
54	1	200	55	2	201	1	1	1
54	2	200	55	3	201	1	1	1
54	3	200	55	4	201	1	1	1
54	4	200	55	5	201	1	1	1
54	5	200	55	6	201	1	1	1
54	6	200	55	7	201	1	1	1
54	7	200	55	8	201	1	1	1
54	8	200	55	9	201	1	1	1
55	0	200	56	1	201	1	1	1
55	1	200	56	2	201	1	1	1
55	2	200	56	3	201	1	1	1
55	3	200	56	4	201	1	1	1
55	4	200	56	5	201	1	1	1
55	5	200	56	6	201	1	1	1
55	6	200	56	7	201	1	1	1
55	7	200	56	8	201	1	1	1
55	8	200	56	9	201	1	1	1
56	0	200	57	1	201	1	1	1
56	1	200	57	2	201	1	1	1
56	2	200	57	3	201	1	1	1
56	3	200	57	4	201	1	1	1
56	4	200	57	5	201	1	1	1
56	5	200	57	6	201	1	1	1
56	6	200	57	7	201	1	1	1
56	7	200	57	8	201	1	1	1
56	8	200	57	9	201	1	1	1
57	0	200	58	1	201	1	1	1
57	1	200	58	2	201	1	1	1
57	2	200	58	3	201	1	1	1
57	3	200	58	4	201	1	1	1
57	4	200	58	5	201	1	1	1
57	5	200	58	6	201	1	1	1
57	6	200	58	7	201	1	1	1
57	7	200	58	8	201	1	1	1
57	8	200	58	9	201	1	1	1
58	0	200	59	1	201	1	1	1
58	1	200	59	2	201	1	1	1
58	2	200	59	3	201	1	1	1
58	3	200	59	4	201	1	1	1
58	4	200	59	5	201	1	1	1
58	5	200	59	6	201	1	1	1
58	6	200	59	7	201	1	1	1
58	7	200	59	8	201	1	1	1
58	8	200	59	9	201	1	1	1
59	0	200	60	1	201	1	1	1
59	1	200	60	2	201	1	1	1
59	2	200	60	3	201	1	1	1
59	3	200	60	4	201	1	1	1
59	4	200	60	5	201	1	1	1
59	5	200	60	6	201	1	1	1
59	6	200	60	7	201	1	1	1
59	7	200	60	8	201	1	1	1
59	8	200	60	9	201	1	1	1
60	0	200	61	1	201	1	1	1
60	1	200	61	2	201	1	1	1
60	2	200	61	3	201	1	1	1
60	3	200	61	4	201	1	1	1
60	4	200	61	5	201	1	1	1
60	5	200	61	6	201	1	1	1
60	6	200	61	7	201	1	1	1
60	7	200	61	8	201	1	1	1
60	8	200	61	9	201	1	1	1
61	0	200	62	1	201	1	1	1
61	1	200	62	2	201	1	1	1
61	2	200	62	3	201	1	1	1
61	3	200	62	4	201	1	1	1
61	4	200	62	5	201	1	1	1
61	5	200	62	6	201	1	1	1
61	6	200	62	7	201	1	1	1
61	7	200	62	8	201	1	1	1
61	8	200	62	9	201	1	1	1
62	0	200	63	1	201	1	1	1
62	1	200	63	2	201	1	1	1
62	2	200	63	3	201	1	1	1
62	3	200	63	4	201	1	1	1
62	4	200	63	5	201	1	1	1
62	5	200	63	6	201	1	1	1
62	6	200	63	7	201	1	1	1
62	7	200	63	8	201	1	1	1
62	8	200	63	9	201	1	1	1
63	0	200	64	1	201	1	1	1
63	1	200	64	2	201	1	1	1
63	2	200	64	3	201	1	1	1
63	3	200	64	4	201	1	1	1
63	4	200	64	5	201	1	1	1
63	5	200	64	6	201	1	1	1
63	6	200	64	7	201	1	1	1
63	7	200	64	8	201	1	1	1
63	8	200	64	9	201	1	1	1
64	0	200	65	1	201	1	1	1
64	1	200	65	2	201	1	1	1
64	2	200	65	3	201	1	1	1
64	3	200	65	4	201	1	1	1
64	4	200	65	5	201	1	1	1
64	5	200	65	6	201	1	1	1
64	6	200	65	7	201	1	1	1
64	7	200	65	8	201	1	1	1
64	8	200	65	9	201	1	1	1
65	0	200	66	1	201	1	1	1
65	1	200	66	2	201	1	1	1
65	2	200	66	3	201	1	1	1
65	3	200	66	4	201	1	1	1
65	4	200	66	5	201	1	1	1
65	5	200	66	6	201	1	1	1
65	6	200	66	7	201	1	1	1
65	7	200	66	8	201	1	1	1
65	8	200	66	9	201	1	1	1
66	0	200	67	1	201	1	1	1
66	1	200	67	2	201	1	1	1
66	2	200	67	3	201	1	1	1
66	3	200	67	4	201	1	1	1
66	4	200	67	5	201	1	1	1
66	5	200	67	6	201	1	1	1
66	6	200	67	7	201	1	1	1
66	7	200	67	8	201	1	1	1
66	8	200	67	9	201	1	1	1
67	0	200	68	1	201	1	1	1
67	1	200	68	2	201	1	1	1
67	2	200	68	3	201	1	1	1
67	3	200	68	4	201	1	1	1
67	4	200	68	5	201	1	1	1
67	5	200	68	6	201	1	1	1
67	6	200	68	7	201	1	1	1
67	7	200	68	8	201	1	1	1
67	8	200	68	9	201	1	1	1
68	0	200	69	1	201	1	1	1
68	1	200	69	2	201	1	1	1
68	2	200	69	3	201	1	1	1
68	3	200	69	4	201	1	1	1
68	4	200	69	5	201	1	1	1
68	5	200	69	6	201	1	1	1
68	6	200	69	7	201	1	1	1
68	7	200	69	8	201	1	1	1
68	8	200	69	9	201	1	1	1
69	0	200	70	1	201	1	1	1
69	1	200	70	2	201	1	1	1
69	2	200	70	3	201	1	1	1
69	3	200	70	4	201	1	1	1
69	4	200	70	5	201	1	1	1
69	5	200	70	6	201	1	1	1
69	6	200	70	7	201	1	1	1
69	7	200	70	8	201	1	1	1
69	8	200	70	9	201	1	1	1
70	0	200	71	1	201	1	1	1
70	1	200	71	2	201	1	1	1
70	2	200	71	3	201	1	1	1
70	3	200	71	4	201	1	1	1
70	4	200	71	5	201	1	1	1
70	5	200	71	6	201	1	1	1
70	6	200	71	7	201	1	1	1
70	7	200	71	8	201	1	1	1
70	8	200	71	9	201	1	1	1
71	0	200	72	1	201	1	1	1
71	1	200	72	2	201	1	1	1
71	2	200	72	3	201	1	1	1
71	3	200	72	4	201	1	1	1
71	4	200	72	5	201	1	1	1
71	5	200	72	6	201	1	1	1
71	6	200	72	7	201	1	1	1
71	7	200	72	8	201	1	1	1
71	8	200	72	9	201	1	1	1
72	0	200	73	1	201	1	1	1
72	1	200	73	2	201	1	1	1
72	2	200	73	3	201	1	1	1
72	3	200	73	4	201	1	1	1
72	4	200	73	5	201	1	1	1
72	5	200	73	6	201	1	1	1
72	6	200	73	7	201	1	1	1
72	7	200	73	8	201	1	1	1
72	8	200	73	9	201	1	1	1
73	0	200	74	1	201	1	1	1
73	1	200	74	2	201	1	1	1
73	2	200	74	3	201	1	1	1
73	3	200	74	4	201	1	1	1
73	4	200	74	5	201	1	1	1
73	5	200	74	6	201	1	1	1
73	6	200	74	7	201	1	1	1
73	7	200	74	8	201	1	1	1
73	8	200	74	9	201	1	1	1
74	0	200	75	1	201	1	1	1
74	1	200	75	2	201	1	1	1
74	2	200	75	3	201	1	1	1
74	3	200	75	4	201	1	1	1
74	4	200	75	5	201	1	1	1
74	5	200	75	6	201	1	1	1
74	6	200	75	7	201	1	1	1
74	7	200	75	8	201	1	1	1
74	8	200	75	9	201	1	1	1
75	0	200	76	1	201	1	1	1
75	1	200	76	2	201	1	1	1
75	2	200	76	3	201	1	1	1
75	3	200	76	4	201	1	1	1
75	4	200	76	5	201	1	1	1
75	5	200	76	6	201	1	1	1
75	6	200	76	7	201	1	1	1
75	7	200	76	8	201	1	1	1
75	8	200	76	9	201	1	1	1
76	0	200	77	1	201	1	1	1
76	1	200	77	2	201	1	1	1
76	2	200	77	3	201	1	1	1
76	3	200	77	4	201	1	1	1
76	4	200	77	5	201	1	1	1
76	5	200	77	6	201	1	1	1
76	6	200	77	7	201	1	1	1
76	7	200	77	8	201	1	1	1
76	8	200	77	9	201	1	1	1
77	0	200	78	1	201	1	1	1
77	1	200	78	2	201	1	1	1
77	2	200	78	3	201	1	1	1
77	3	200	78	4	201	1	1	1
77	4	200	78	5	201	1	1	1
77	5	200	78	6	201	1	1	1
77	6	200	78	7	201	1	1	1
77	7	200	78	8	201	1	1	1
77	8	200	78	9	201	1	1	1
78	0	200	79	1	201	1	1	1
78	1	200	79	2	201	1	1	1
78	2	200	79	3	201	1	1	1
78	3	200	79	4	201	1	1	1
78	4	200	79	5	201	1	1	1
78	5	200	79	6	201	1	1	1
78	6	200	79	7	201	1	1	1
78	7	200	79	8	201	1	1	1
78	8	200	79	9	201	1	1	1
79	0	200	80	1	201	1	1	1
79	1	200	80	2	201	1	1	1
79	2	200	80	3	201	1	1	1
79	3	200	80	4	201	1	1	1
79	4	200	80	5	201	1	1	1
79	5	200	80	6	201	1	1	1
79	6	200	80	7	201	1	1	1
79	7	200	80	8	201	1	1	1
79	8	200	80	9	201	1	1	1
80	0	200	81	1	201	1	1	1
80	1	200	81	2	201	1	1	1
80	2	200	81	3	201	1	1	1
80	3	200	81	4	201	1	1	1
80	4	200	81	5	201	1	1	1
80	5	200	81	6	201	1	1	1
80	6	200	81	7	201	1	1	1
80	7	200	81	8	201	1	1	1
80	8	200	81	9	201	1	1	1
81	0	200	82	1	201	1	1	1
81	1	200	82	2	201	1	1	1
81	2	200	82	3	201	1	1	1
81	3	200	82	4	201	1	1	1
81	4	200	82	5	201	1	1	1
81	5	200	82	6	201	1	1	1
81	6	200	82	7	201	1	1	1
81	7	200	82	8	201	1	1	1
81	8	200	82	9	201	1	1	1
82	0	200	83	1	201	1	1	1
82	1	200	83	2	201	1	1	1
82	2	200	83	3	201	1	1	1
82	3	200	83	4	201	1	1	1
82	4	200	83	5	201	1	1	1
82	5	200	83	6	201	1	1	1
82	6	200	83	7	201	1	1	1
82	7	200	83	8	201	1	1	1
82	8	200	83	9	201	1	1	1
83	0	200	84	1	201	1	1	1
83	1	200	84	2	201	1	1	1
83	2	200	84	3	201	1	1	1
83	3	200	84	4	201	1	1	1
83	4	200	84	5	201	1	1	1
83	5	200	84	6	201	1	1	1
83	6	200	84	7	201	1	1	1
83	7	200	84	8	201	1	1	1
83	8	200	84	9	201	1	1	1
84	0	200	85	1	201	1	1	1
84	1	200	85	2	201	1	1	1
84	2	200	85	3	201	1	1	1
84	3	200	85	4	201	1	1	1
84	4	200	85	5	201	1	1	1
84	5	200	85	6	201	1	1	1
84	6	200	85	7	201	1	1	1
84	7	200	85	8	201	1	1	1
84	8	200	85	9	201	1	1	1
85	0	200	86	1	201	1	1	1
85	1	200	86	2	201	1	1	1
85	2	200	86	3	201	1	1	1
85	3	200	86	4	201	1	1	1
85	4	200	86	5	201	1	1	1
85	5	200	86	6	201	1	1	1
85	6	200	86	7	201	1	1	1
85	7	200	86	8	201	1	1	1
85	8	200	86	9	201	1	1	1
86	0	200	87	1	201	1	1	1
86	1	200	87	2	201	1	1	1
86	2	200	87	3	201	1	1	1
86	3	200	87	4	201	1	1	1
86	4	200	87	5	201	1	1	1
86	5	200	87	6	201	1	1	1
86	6	200	87	7	201	1	1	1
86	7	200	87	8	201	1	1	1
86	8	200	87	9	201	1	1	1
87	0	200	88	1	201	1	1	1
87	1	200	88	2	201	1	1	1
87	2	200	88	3	201	1	1	1
87	3	200	88	4	201	1	1	1
87	4	200	88	5	201	1	1	1
87	5	200	88	6	201	1	1	1
87	6	200	88	7	201	1	1	1
87	7	200	88	8	201	1	1	1
87	8	200	88	9	201	1	1	1
88	0	200	89	1	201	1	1	1
88	1	200	89	2	201	1	1	1
88	2	200	89	3	201	1	1	1
88	3	200	89	4	201	1	1	1
88	4	200	89	5	201	1	1	1
88	5	200	89	6	201	1	1	1
88	6	200	89	7	201	1	1	1
88	7	200	89	8	201	1	1	1
88	8	200	89	9	201	1	1	1
89	0	200	90	1	201	1	1	1
89	1	200	90	2	201	1	1	1
89	2	200	90	3	201	1	1	1
89	3	200	90	4	201	1	1	1
89	4	200	90	5	201	1	1	1
89	5	200	90	6	201	1	1	1
89	6	200	90	7	201	1	1	1
89	7	200	90	8	201	1	1	1
89	8	200	90	9	201	1	1	1
90	0	200	91	1	201	1	1	1
90	1	200	91	2	201	1	1	1
90	2	200	91	3	201	1	1	1
90	3	200	91	4	201	1	1	1
90	4	200	91	5	201	1	1	1
90	5	200	91	6	201	1	1	1
90	6	200	91	7	201	1	1	1
90	7	200	91	8	201	1	1	1
90	8	200	91	9	201	1	1	1
91	0	200	92	1	201	1	1	1
91	1	200	92	2	201	1	1	1
91	2	200	92	3	201	1	1	1
91	3	200	92	4	201	1	1	1
91	4	200	92	5	201	1	1	1
91	5	200	92	6	201	1	1	1
91	6	200	92	7	201	1	1	1
91	7	200	92	8	201	1	1	1
91	8	200	92	9	201	1	1	1
92	0	200	93	1	201	1	1	1
92	1	200	93	2	201	1	1	1
92	2	200	93	3	201	1	1	1
92	3	200	93	4	201	1	1	1
92	4	200	93	5	201	1	1	1
92	5	200	93	6	201	1	1	1
92	6	200	93	7	201	1	1	1
92	7	200	93	8	201	1	1	1
92	8	200	93	9	201	1	1	1
93	0	200	94	1	201	1	1	1
93	1	200	94	2	201	1	1	1
93	2	200	94	3	201	1	1	1
93	3	200	94	4	201	1	1	1
93	4	200	94	5	201	1	1	1
93	5	200	94	6	201	1	1	1
93	6	200	94	7	201	1	1	1
93	7	200	94	8	201	1	1	1
93	8	200	94	9	201	1	1	1
94	0	200	95	1	201	1	1	1
94	1	200	95	2	201	1	1	1
94	2	200	95	3	201	1	1	1
94	3	200	95	4	201	1	1	1
94	4	200	95	5	201	1	1	1
94	5	200	95	6	201	1	1	1
94	6	200	95	7	201	1	1	1
94	7	200	95	8	201	1	1	1
94	8	200	95	9	201	1	1	1
95	0	200	96	1	201	1	1	1
95	1	200	96	2	201	1	1	1
95	2	200	96	3	201	1	1	1
95	3	200	96	4	201	1	1	1
95	4	200	96	5	201	1	1	1
95	5	200	96	6	201	1	1	1
95	6	200	96	7	201	1	1	1
95	7	200	96	8	201	1	1	1
95	8	200	96	9	201	1	1	1
96	0	200	97	1	201	1	1	1
96	1	200	97	2	201	1	1	1
96	2	200	97	3	201	1	1	1
96	3	200	97	4	201	1	1	1
96	4	200	97	5	201	1	1	1
96	5	200	97	6	201	1	1	1
96	6	200	97	7	201	1	1	1
96	7	200	97	8	201	1	1	1
96	8	200	97	9	201	1	1	1
97	0	200	98	1	201	1	1	1
97	1	200	98	2	201	1	1	1
97	2	200	98	3	201	1	1	1
97	3	200	98	4	201	1	1	1
97	4	200	98	5	201	1	1	1
97	5	200	98	6	201	1	1	1
97	6	200	98	7	201	1	1	1
97	7	200	98	8	201	1	1	1
97	8	200	98	9	201	1	1	1
98	0	200	99	1	201	1	1	1
98	1	200	99	2	201	1	1	1
98	2	200	99	3	201	1	1	1
98	3	200	99	4	201	1	1	1
98	4	200	99	5	201	1	1	1
98	5	200	99	6	201	1	1	1
98	6	200	99	7	201	1	1	1
98	7	200	99	8	201	1	1	1
98	8	200	99	9	201	1	1	1
99	0	200	100	1	201	1	1	1
99	1	200	100	2	201	1	1	1
99	2	200	100	3	201	1	1	1
99	3	200	100	4	201	1	1	1
99	4	200	100	5	201	1	1	1
99	5	200	100	6	201	1	1	1
99	6	200	100	7	201	1	1	1
99	7	200	100	8	201	1	1	1
99	8	200	100	9	201	1	1	1
100	0	200	101	1	201	1	1	1
100	1	200	101	2	201	1	1	1
100	2	200	101	3	201	1	1	1
100	3	200	101	4	201	1	1	1
100	4	200	101	5	201	1	1	1
100	5	200	101	6	201	1	1	1
100	6	200	101	7	201	1	1	1
100	7	200	101	8	201	1	1	1
100	8	200	101	9	201	1	1	1
101	0	200	102	1	201	1	1	1
101	1	200	102	2	201	1	1	1
101	2	200	102	3	201	1	1	1
101	3	200	102	4	201	1	1	1
101	4	200	102	5	201	1	1	1
101	5	200	102	6	201	1	1	1
101	6	200	102	7	201	1	1	1
101	7	200	102	8	201	1	1	1
101	8	200	102	9	201	1	1	1
102	0	200	103	1	201	1	1	1
102	1	200	103	2	201	1	1	1
102	2	200	103	3	201	1	1	1
102	3	200	103	4	201	1	1	1
102	4	200	103	5	201	1	1	1
102	5	200	103	6	201	1	1	1
102	6	200	103	7	201	1	1	1
102	7	200	103	8	201	1	1	1
102	8	200	103	9	201	1	1	1
103	0	200	104	1	201	1	1	1
103	1	200	104	2	201	1	1	1
103	2	200	104	3	201	1	1	1
103	3	200	104	4	201	1	1	1
103	4	200	104	5	201	1	1	1
103	5	200	104	6	201	1	1	1
103	6	200	104	7	201	1	1	1
103	7	200	104	8	201	1	1	1
103	8	200	104	9	201	1	1	1
104	0	200	105	1	201	1	1	1
104	1	200	105	2	201	1	1	1
104	2	200	105	3	201	1	1	1
104	3	200	105	4	201	1	1	1
104	4	200	105	5	201	1	1	1
104	5	200	105	6	201	1	1	1
104	6	200	105	7	201	1	1	1
104	7	200	105	8	201	1	1	1
104	8	200	105	9	201	1	1	1
105	0	200	106	1	201	1	1	1
105	1	200	106	2	201	1	1	1
105	2	200	106	3	201	1	1	1
105	3	200	106	4	201	1	1	1
105	4	200	106	5	201	1	1	1
105	5	200	106	6	201	1	1	1
105	6	200	106	7	201	1	1	1
105	7	200	106	8	201	1	1	1
105	8	200	106	9	201	1	1	1
106	0	200	107	1	201	1	1	1
106	1	200	107	2	201	1	1	1
106	2	200	107	3	201	1	1	1
106	3	200	107	4	201	1	1	1
106	4	200	107	5	201	1	1	1
106	5	200	107	6	201	1	1	1
106	6	200	107	7	201	1	1	1
106	7	200	107	8	201	1	1	1
106	8	200	107	9	201	1	1	1
107	0	200	108	1	201	1	1	1
107	1	200	108	2	201	1	1	1
107	2	200	108	3	201	1	1	1
107	3	200	108	4	201	1	1	1
107	4	200	108	5	201	1	1	1
107	5	200	108	6	201	1	1	1
107	6	200	108	7	201	1	1	1
107	7	200	108	8	201	1	1	1
107	8	200	108	9	201	1	1	1
108	0	200	109	1	201	1	1	1
108	1	200	109	2	201	1	1	1
108	2	200	109	3	201	1	1	1
108	3	200	109	4	201	1	1	1
108	4	200	109	5	201	1	1	1
108	5	200	109	6	201	1	1	1
108	6	200	109	7	201	1	1	1
108	7	200	109	8	201	1	1	1
108	8	200	109	9	201	1	1	1
109	0	200	110	1	201	1	1	1
109	1	200	110	2	201	1	1	1
109	2	200	110	3	201	1	1	1
109	3	200	110	4	201	1	1	1
109	4	200	110	5	201	1	1	1
109	5	200	110	6	201	1	1	1
109	6	200	110	7	201	1	1	1
109	7	200	110	8	201	1	1	1
109	8	200	110	9	201	1	1	1
110	0	200	111	1	201	1	1	1
110	1	200	111	2	201	1	1	1
110	2	200	111	3	201	1	1	1
110	3	200	111	4	201	1	1	1
110	4	200	111	5	201	1	1	1
110	5	200	111	6	201	1	1	1
110	6	200	111	7	201	1	1	1
110	7	200	111	8	201	1	1	1
110	8	200	111	9	201	1	1	1
111	0	200	112	1	201	1	1	1
111	1	200	112	2	201	1	1	1
111	2	200	112	3	201	1	1	1
111	3	200	112	4	201	1	1	1
111	4	200	112	5	201	1	1	1
111	5	200	112	6	201	1	1	1
111	6	200	112	7	201	1	1	1
111	7	200	112	8	201	1	1	1
111	8	200	112	9	201	1	1	1
112	0	200	113	1	201	1	1	1
112	1	200	113	2	201	1	1	1
112	2	200	113	3	201	1	1	1
112	3	200	113	4	201	1	1	1
112	4	200	113	5	201	1	1	1
112	5	200	113	6	201	1	1	1
112	6	200	113	7	201	1	1	1
112	7	200	113	8	201	1	1	1
112	8	200	113	9	201	1	1	1
113	0	200	114	1	201	1	1	1
113	1	200	114	2	201	1	1	1
113	2	200	114	3	201	1	1	1
113	3	200	114	4	201	1	1	1
113	4	200	114	5	201	1	1	1
113	5	200	114	6	201	1	1	1
113	6	200	114	7	201	1	1	1
113	7	200	114	8	201	1	1	1
113	8	200	114	9	201	1	1	1
114	0	200	115	1	201	1	1	1
114	1	200	115	2	201	1	1	1
114	2	200	115	3	201	1	1	1
114	3	200	115	4	201	1	1	1
114	4	200	115	5	201	1	1	1
114	5	200	115	6	201	1	1	1
114	6	200	115	7	201	1	1	1
114	7	200	115	8	201	1	1	1
114	8	200	115	9	201	1	1	1
115	0	200	116	1	201	1	1	1
115	1	200	116	2	201	1	1	1
115	2	200	116	3	201	1	1	1
115	3	200	116	4	201	1	1	1
115	4	200	116	5	201	1	1	1
115	5	200	116	6	201	1	1	1
115	6	200	116	7	201	1	1	1
115	7	200	116	8	201	1	1	1
115	8	200	116	9	201	1	1	1
116	0	200	117	1	201	1	1	1
116	1	200	117	2	201	1	1	1
116	2	200	117	3	201	1	1	1
116	3	200	117	4	201	1	1	1
116	4	200	117	5	201	1	1	1
116	5	200	117	6	201	1	1	1
116	6	200	117	7	201	1	1	1
116	7	200	117	8	201	1	1	1
116	8	200	117	9	201	1	1	1
117	0	200	118	1	201	1	1	1
117	1	200	118	2	201	1	1	1
117	2	200	118	3	201	1	1	1
117	3	200	118	4	201	1	1	1
117	4	200	118	5	201	1	1	1
117	5	200	118	6	201	1	1	1
117	6	200	118	7	201	1	1	1
117	7	200	118	8	201	1	1	1
117	8	200	118	9	201	1	1	1
118	0	200	119	1	201	1	1	1
118	1	200	119	2	201	1	1	1
118	2	200	119	3	201	1	1	1
118	3	200	119	4	201	1	1	1
118	4	200	119	5	201	1	1	1
118	5	200	119	6	201	1	1	1
118	6	200	119	7	201	1	1	1
118	7	200	119	8	201	1	1	1
118	8	200	119	9	201	1	1	1
119	0	200	120	1	201	1	1	1
119	1	200	120	2	201	1	1	1
119	2	200	120	3	201	1	1	1
119	3	200	120	4	201	1	1	1
119	4	200	120	5	201	1	1	1
119	5	200	120	6	201	1	1	1
119	6	200	120	7	201	1	1	1
119	7	200	120	8	201	1	1	1
119	8	200	120	9	201	1	1	1
120	0	200	121	1	201	1	1	1
120	1	200	121	2	201	1	1	1
120	2	200	121	3	201	1	1	1
120	3	200	121	4	201	1	1	1
120	4	200	121	5	201	1	1	1
120	5	200	121	6	201	1	1	1
120	6	200	121	7	201	1	1	1
120	7	200	121	8	201	1	1	1
120	8	200	121	9	201	1	1	1
121	0	200	122	1	201	1	1	1
121	1	200	122	2	201	1	1	1
121	2	200	122	3	201	1	1	1
121	3	200	122	4	201	1	1	1
121	4	200	122	5	201	1	1	1
121	5	200	122	6	201	1	1	1
121	6	200	122	7	201	1	1	1
121	7	200	122	8	201	1	1	1
121	8	200	122	9	201	1	1	1
122	0	200	123	1	201	1	1	1
122	1	200	123	2	201	1	1	1
122	2	200	123	3	201	1	1	1
122	3	200	123	4	201	1	1	1
122	4	200	123	5	201	1	1	1
122	5	200	123	6	201	1	1	1
122	6	200	123	7	201	1	1	1
122	7	200	123	8	201	1	1	1
122	8	200	123	9	201	1	1	1
123	0	200	124	1	201	1	1	1
123	1	200	124	2	201	1	1	1
123	2	200	124	3	201	1	1	1
123	3	200	124	4	201	1	1	1
123	4	200	124	5	201	1	1	1
123	5	200	124	6	201	1	1	1
123	6	200	124	7	201	1	1	1
123	7	200	124	8	201	1	1	1
123	8	200	124	9	201	1	1	1
124	0	200	125	1	201	1	1	1
124	1	200	125	2	201	1	1	1
124	2	200	125	3	201	1	1	1
124	3	200	125	4	201	1	1	1
124	4	200	125	5	201	1	1	1
124	5	200	125	6	201	1	1	1
124	6	200	125	7	201	1	1	1
124	7	200	125	8	201	1	1	1
124	8	200	125	9	201	1	1	1
125	0	200	126	1	201	1	1	1
125	1	200	126	2	201	1	1	1
125	2	200	126	3	201	1	1	1
125	3	200	126	4	201	1	1	1
125	4	200	126	5	201	1	1	1
125	5	200	126	6	201	1	1	1
125	6	200	126	7	201	1	1	1
125	7	200	126	8	201	1	1	1
125	8	200	126	9	201	1	1	1
126	0	200	127	1	201	1	1	1
126	1	200	127	2	201	1	1	1
126	2	200	127	3	201	1	1	1
126	3	200	127	4	201	1	1	1
126	4	200	127	5	201	1	1	1
126	5	200	127	6	201	1	1	1
126	6	200	127	7	201	1	1	1
126	7	200	127	8	201	1	1	1
126	8	200	127	9	201	1	1	1
127	0	200	128	1	201	1	1	1
127	1	200	128	2	201	1	1	1
127	2	200	128	3	201	1	1	1
127	3	200	128	4	201	1	1	1
127	4	200	128	5	201	1	1	1
127	5	200	128	6	201	1	1	1
127	6	200	128	7	201	1	1	1
127	7	200	128	8	201	1	1	1
127	8	200	128	9	201	1	1	1
128	0	200	129	1	201	1	1	1
128	1	200	129	2	201	1	1	1
128	2	200	129	3	201	1	1	1
128	3	200	129	4	201	1	1	1
128	4	200	129	5	201	1	1	1
128	5	200	129	6	201	1	1	1
128	6	200	129	7	201	1	1	1
128	7	200	129	8	201	1	1	1
128	8	200	129	9	201	1	1	1
129	0	200	130	1	201	1	1	1
129	1	200	130	2	201	1	1	1
129	2	200	130	3	201	1	1	1
129	3	200	130	4	201	1	1	1
129	4	200	130	5	201	1	1	1
129	5	200	130	6	201	1	1	1
129	6	200	130	7	201	1	1	1
129	7	200	130	8	201	1	1	1
129	8	200	130	9	201	1	1	1
130	0	200	131	1	201	1	1	1
130	1	200	131	2	201	1	1	1
130	2	200	131	3	201	1	1	1
130	3	200	131	4	201	1	1	1
130	4	200	131	5	201	1	1	1
130	5	200	131	6	201	1	1	1
130	6	200	131	7	201	1	1	1
130	7	200	131	8	201	1	1	1
130	8	200	131	9	201	1	1	1
131	0	200	132	1	201	1	1	1
131	1	200	132	2	201	1	1	1
131	2	200	132	3	201	1	1	1
131	3	200	132	4	201	1	1	1
131	4	200	132	5	201	1	1	1
131	5	200	132	6	201	1	1	1
131	6	200	132	7	201	1	1	1
131	7	200	132	8	201	1	1	1
131	8	200	132	9	201	1	1	1
132	0	200	133	1	201	1	1	1
132	1	200	133	2	201	1	1	1
132	2	200	133	3	201	1	1	1
132	3	200	133	4	201	1	1	1
132	4	200	133	5	201	1	1	1
132	5	200	133	6	201	1	1	1
132	6	200	133	7	201	1	1	1
132	7	200	133	8	201	1	1	1
132	8	200	133	9	201	1	1	1
133	0	200	134	1	201	1	1	1
133	1	200	134	2	201	1	1	1
133	2	200	134	3	201	1	1	1
133	3	200	134	4	201	1	1	1
133	4	200	134	5	201	1	1	1
133	5	200	134	6	201	1	1	1
133	6	200	134	7	201	1	1	1
133	7	200	134	8	201	1	1	1
133	8	200	134	9	201	1	1	1
134	0	200	135	1	201	1	1	1
134	1	200	135	2	201	1	1	1
134	2	200	135	3	201	1	1	1
134	3	200	135	4	201	1	1	1
134	4	200	135	5	201	1	1	1
134	5	200	135	6	201	1	1	1
134	6	200	135	7	201	1	1	1
134	7	200	135	8	201	1	1	1
134	8	200	135	9	201	1	1	1
135	0	200	136	1	201	1	1	1
135	1	200	136	2	201	1	1	1
135	2	200	136	3	201	1	1	1
135	3	200	136	4	201	1	1	1
135	4	200	136	5	201	1	1	1
135	5	200	136	6	201	1	1	1
135	6	200	136	7	201	1	1	1
135	7	200	136	8	201	1	1	1
135	8	200	136	9	201	1	1	1
136	0	200	137	1	201	1	1	1
136	1	200	137	2	201	1	1	1
136	2	200	137	3	201	1	1	1
136	3	200	137	4	201	1	1	1
136	4	200	137	5	201	1	1	1
136	5	200	137	6	201	1	1	1
136	6	200	137	7	201	1	1	1
136	7	200	137	8	201	1	1	1
136	8	200	137	9	201	1	1	1
137	0	200	138	1	201	1	1	1
137	1	200	138	2	201	1	1	1
137	2	200	138	3	201	1	1	1
137	3	200	138	4	201	1	1	1
137	4	200	138	5	201	1	1	1
137	5	200	138	6	201	1	1	1
137	6	200	138	7	201	1	1	1
137	7	200	138	8	201	1	1	1
137	8	200	138	9	201	1	1	1
138	0	200	139	1	201	1	1	1
138	1	200	139	2	201	1	1	1
138	2	200	139	3	201	1	1	1
138	3	200	139	4	201	1	1	1
138	4	200	139	5	201	1	1	1
138	5	200	139	6	201	1	1	1
138	6	200	139	7	201	1	1	1
138	7	200	139	8	201	1	1	1
138	8	200	139	9	201	1	1	1
139	0	200	140	1	201	1	1	1
139	1	200	140	2	201	1	1	1
139	2	200	140	3	201	1	1	1
139	3	200	140	4	201	1	1	1
139	4	200	140	5	201	1	1	1
139	5	200	140	6	201	1	1	1
139	6	200	140	7	201	1	1	1
139	7	200	140	8	201	1	1	1
139	8	200	140	9	201	1	1	1
140	0	200	141	1	201	1	1	1
140	1	200	141	2	201	1	1	1
140	2	200	141	3	201	1	1	1
140	3	200	141	4	201	1	1	1
140	4	200	141	5	201	1	1	1
140	5	200	141	6	201	1	1	1
140	6	200	141	7	201	1	1	1
140	7	200	141	8	201	1	1	1
140	8	200	141	9	201	1	1	1
141	0	200	142	1	201	1	1	1
141	1	200	142	2	201	1	1	1
141	2	200	142	3	201	1	1	1
141	3	200	142	4	201	1	1	1
141	4	200	142	5	201	1	1	1
141	5	200	142	6	201	1	1	1
141	6	200	142	7	201	1	1	1
141	7	200	142	8	201	1	1	1
141	8	200	142	9	201	1	1	1
142	0	200	143	1	201	1	1	1
142	1	200	143	2	201	1	1	1
142	2	200	143	3	201	1	1	1
142	3	200	143	4	201	1	1	1
142	4	200	143	5	201	1	1	1
142	5	200	143	6	201	1	1	1
142	6	200	143	7	201	1	1	1
142	7	200	143	8	201	1	1	1
142	8	200	143	9	201	1	1	1
143	0	200	144	1	201	1	1	1
143	1	200	144	2	201	1	1	1
143	2	200	144	3	201	1	1	1
143	3	200	144	4	201	1	1	1
143	4	200	144	5	201	1	1	1
143	5	200	144	6	201	1	1	1
143	6	200	144	7	201	1	1	1
143	7	200	144	8	201	1	1	1
143	8	200	144	9	201	1	1	1
144	0	200	145	1	201	1	1	1
144	1	200	145	2	201	1	1	1
144	2	200	145	3	201	1	1	1
144	3	200	145	4	201	1	1	1
144	4	200	145	5	201	1	1	1
144	5	200	145	6	201	1	1	1
144	6	200	145	7	201	1	1	1
144	7	200	145	8	201	1	1	1
144	8	200	145	9	201	1	1	1
145	0	200	146	1	201	1	1	1
145	1	200	146	2	201	1	1	1
145	2	200	146	3	201	1	1	1
145	3	200	146	4	201	1	1	1
145	4	200	146	5	201	1	1	1
145	5	200	146	6	201	1	1	1
145	6	200	146	7	201	1	1	1
145	7	200	146	8	201	1	1	1
145	8	200	146	9	201	1	1	1
146	0	200	147	1	201	1	1	1
146	1	200	147	2	201	1	1	1
146	2	200	147	3	201	1	1	1
146	3	200	147	4	201	1	1	1
146	4	200	147	5	201	1	1	1
146	5	200	147	6	201	1	1	1
146	6	200	147	7	201	1	1	1
146	7	200	147	8	201	1	1	1
146	8	200	147	9	201	1	1	1
147	0	200	148	1	201	1	1	1
147	1	200	148	2	201	1	1	1
147	2	200	148	3	201	1	1	1
147	3	200	148	4	201	1	1	1
147	4	200	148	5	201	1	1	1
147	5	200	148	6	201	1	1	1
147	6	200	148	7	201	1	1	1
147	7	200	148	8	201	1	1	1
147	8	200	148	9	201	1	1	1
148	0	200	149	1	201	1	1	1
148	1	200	149	2	201	1	1	1
148	2	200	149	3	201	1	1	1
148	3	200	149	4	201	1	1	1
148	4	200	149	5	201	1	1	1
148	5	200	149	6	201	1	1	1
148	6	200	149	7	201	1	1	1
148	7	200	149	8	201	1	1	1
148	8	200	149	9	201	1	1	1
149	0	200	150	1	201	1	1	1
149	1	200	150	2	201	1	1	1
149	2	200	150	3	201	1	1	1
149	3	200	150	4	201	1	1	1
149	4	200	150	5	201	1	1	1
149	5	200	150	6	201	1	1	1
149	6	200	150	7	201	1	1	1
149	7	200	150	8	201	1	1	1
149	8	200	150	9	201	1	1	1
150	0	200	151	1	201	1	1	1
150	1	200	151	2	201	1	1	1
150	2	200	151	3	201	1	1	1
150	3	200	151	4	201	1	1	1
150	4	200	151	5	201	1	1	1
150	5	200	151	6	201	1	1	1
150	6	200	151	7	201	1	1	1
150	7	200	151	8	201	1	1	1
150	8	200	151	9	201	1	1	1
151	0	200	152	1	201	1	1	1
151	1	200	152	2	201	1	1	1
151	2	200	152	3	201	1	1	1
151	3	200	152	4	201	1	1	1
151	4	200	152	5	201	1	1	1
151	5	200	152	6	201	1	1	1
151	6	200	152	7	201	1	1	1
151	7	200	152	8	201	1	1	1
151	8	200	152	9	201	1	1	1
152	0	200	153	1	201	1	1	1
152	1	200	153	2	201	1	1	1
152	2	200	153	3	201	1	1	1
152	3	200	153	4	201	1	1	1
152	4	200	153	5	201	1	1	1
152	5	200	153	6	201	1	1	1
152	6	200	153	7	201	1	1	1
152	7	200	153	8	201	1	1	1
152	8	200	153	9	201	1	1	1
153	0	200	154	1	201	1	1	1
153	1	200	154	2	201	1	1	1
153	2	200	154	3	201	1	1	1
153	3	200	154	4	201	1	1	1
153	4	200	154	5	201	1	1	1
153	5	200	154	6	201	1	1	1
153	6	200	154	7	201	1	1	1
153	7	200	154	8	201	1	1	1
153	8	200	154	9	201	1	1	1
154	0	200	155	1	201	1	1	1
154	1	200	155	2	201	1	1	1
154	2	200	155	3	201	1	1	1
154	3	200	155	4	201	1	1	1
154	4	200	155	5	201	1	1	1
154	5	200	155	6	201	1	1	1
154	6	200	155	7	201	1	1	1
154	7	200	155	8	201	1	1	1
154	8	200	155	9	201	1	1	1
155	0	200	156	1	201	1	1	1
155	1	200	156	2	201	1	1	1
155	2	200	156	3	201	1	1	1
155	3	200	156	4	201	1	1	1
155	4	200	156	5	201	1	1	1
155	5	200	156	6	201	1	1	1
155	6	200	156	7	201	1	1	1
155	7	200	156	8	201	1	1	1
155	8	200	156	9	201	1	1	1
156	0	200	157	1	201	1	1	1
156	1	200	157	2	201	1	1	1
156	2	200	157	3	201	1	1	1
156	3	200	157	4	201	1	1	1
156	4	200	157	5	201	1	1	1
156	5	200	157	6	201	1	1	1
156	6	200	157	7	201	1	1	1
156	7	200	157	8	201	1	1	1
156	8	200	157	9	201	1	1	1
157	0	200	158	1	201	1	1	1
157	1	200	158	2	201	1	1	1
157	2	200	158	3	201	1	1	1
157	3	200	158	4	201	1	1	1
157	4	200	158	5	201	1	1	1
157	5	200	158	6	201	1	1	1
157	6	200	158	7	201	1	1	1
157	7	200	158	8	201	1	1	1
157	8	200	158	9	201	1	1	1
158	0	200	159	1	201	1	1	1
158	1	200	159	2	201	1	1	1
158	2	200	159	3	201	1	1	1
158	3	200	159	4	201	1	1	1
158	4	200	159	5	201	1	1	1
158	5	200	159	6	201	1	1	1
158	6	200	159	7	201	1	1	1
158	7	200	159	8	201	1	1	1
158	8	200	159	9	201	1	1	1
159	0	200	160	1	201	1	1	1
159	1	200	160	2	201	1	1	1
159	2	200	160	3	201	1	1	1
159	3	200	160	4	201	1	1	1
159	4	200	160	5	201	1	1	1
159	5	200	160	6	201	1	1	1
159	6	200	160	7	201	1	1	1
159	7	200	160	8	201	1	1	1
159	8	200	160	9	201	1	1	1
160	0	200	161	1	201	1	1	1
160	1	200	161	2	201	1	1	1
160	2	200	161	3	201	1	1	1
160	3	200	161	4	201	1	1	1
160	4	200	161	5	201	1	1	1
160	5	200	161	6	201	1	1	1
160	6	200	161	7	201	1	1	1
160	7	200	161	8	201	1	1	1
160	8	200	161	9	201	1	1	1
161	0	200	162	1	201	1	1	1
161	1	200	162	2	201	1	1	1
161	2	200	162	3	201	1	1	1
161	3	200	162	4	201	1	1	1
161	4	200	162	5	201	1	1	1
161	5	200	162	6	201	1	1	1
161	6	200	162	7	201	1	1	1
161	7	200	162	8	201	1	1	1
161	8	200	162	9	201	1	1	1
162	0	200	163	1	201	1	1	1
162	1	200	163	2	201	1	1	1
162	2	200	163	3	201	1	1	1
162	3	200	163	4	201	1	1	1
162	4	200	163	5	201	1	1	1
162	5	200	163	6	201	1	1	1
162	6	200	163	7	201	1	1	1
162	7	200	163	8	201	1	1	1
162	8	200	163	9	201	1	1	1
163	0	200	164	1	201	1	1	1
163	1	200	164	2	201	1	1	1
163	2	200	164	3	201	1	1	1
163	3	200	164	4	201	1	1	1
163	4	200	164	5	201	1	1	1
163	5	200	164	6	201	1	1	1
163	6	200	164	7	201	1	1	1
163	7	200	164	8	201	1	1	1
163	8	200	164	9	201	1	1	1
164	0	200	165	1	201	1	1	1
164	1	200	165	2	201	1	1	1
164	2	200	165	3	201	1	1	1
164	3	200	165	4	201	1	1	1
164	4	200	165	5	201	1	1	1
164	5	200	165	6	201	1	1	1
164	6	200	165	7	201	1	1	1
164	7	200	165	8	201	1	1	1
164	8	200	165	9	201	1	1	1
165	0	200	166	1	201	1	1	1
165	1	200	166	2	201	1	1	1
165	2	200	166	3	201	1	1	1
165	3	200	166	4	201	1	1	1
165	4	200	166	5	201	1	1	1
165	5	200	166	6	201	1	1	1
165	6	200	166	7	201	1	1	1
165	7	200	166	8	201	1	1	1
165	8	200	166	9	201	1	1	1
166	0	200	167	1	201	1	1	1
166	1	200	167	2	201	1	1	1
166	2	200	167	3	201	1	1	1
166	3	200	167	4	201	1	1	1
166	4	200	167	5	201	1	1	1
166	5	200	167	6	201	1	1	1
166	6	200	167	7	201	1	1	1
166	7	200	167	8	201	1	1	1
166	8	200	167	9	201	1	1	1
167	0	200	168	1	201	1	1	1
167	1	200	168	2	201	1	1	1
167	2	200	168	3	201	1	1	1
167	3	200	168	4	201	1	1	1
167	4	200	168	5	201	1	1	1
167	5	200	168	6	201	1	1	1
167	6	200	168	7	201	1	1	1
167	7	200	168	8	201	1	1	1
167	8	200	168	9	201	1	1	1
168	0	200	169	1	201	1	1	1
168	1	200	169	2	201	1	1	1
168	2	200	169	3	201	1	1	1
168	3	200	169	4	201	1	1	1
168	4	200	169	5	201	1	1	1
168	5	200	169	6	201	1	1	1
168	6	200	169	7	201	1	1	1
168	7	200	169	8	201	1	1	1
168	8	200	169	9	201	1	1	1
169	0	200	170	1	201	1	1	1
169	1	200	170	2	201	1	1	1
169	2	200	170	3	201	1	1	1
169	3	200	170	4	201	1	1	1
169	4	200	170	5	201	1	1	1
169	5	200	170	6	201	1	1	1
169	6	200	170	7	201	1	1	1
169	7	200	170	8	201	1	1	1
169	8	200	170	9	201	1	1	1
170	0	200	171	1	201	1	1	1
170	1	200	171	2	201	1	1	1
170	2	200	171	3	201	1	1	1
170	3	200	171	4	201	1	1	1
170	4	200	171	5	201	1	1	1
170	5	200	171	6	201	1	1	1
170	6	200	171	7	201	1	1	1
170	7	200	171	8	201	1	1	1
170	8	200	171	9	201	1	1	1
171	0	200	172	1	201	1	1	1
171	1	200	172	2	201	1	1	1
171	2	200	172	3	201	1	1	1
171	3	200	172	4	201	1	1	1
171	4	200	172	5	201	1	1	1
171	5	200	172	6	201	1	1	1
171	6	200	172	7	201	1	1	1
171	7	200	172	8	201	1	1	1
171	8	200	172	9	201	1	1	1
172	0	200	173	1	201	1	1	1
172	1	200	173	2	201	1	1	1
172	2	200	173	3	201	1	1	1
172	3	200	173	4	201	1	1	1
172	4	200	173	5	201	1	1	1
172	5	200	173	6	201	1	1	1
172	6	200	173	7	201	1	1	1
172	7	200	173	8	201	1	1	1
172	8	200	173	9	201	1	1	1
173	0	200	174	1	201	1	1	1
173	1	200	174	2	201	1	1	1
173	2	200	174	3	201	1	1	1
173	3	200	174	4	201	1	1	1
173	4	200	174	5	201	1	1	1
173	5	200	174	6	201	1	1	1
173	6	200	174	7	201	1	1	1
173	7	200	174	8	201	1	1	1
173	8	200	174	9	201	1	1	1
174	0	200	175	1	201	1	1	1
174	1	200	175	2	201	1	1	1
174	2	200	175	3	201	1	1	1
174	3	200	175	4	201	1	1	1
174	4	200	175	5	201	1	1	1
174	5	200	175	6	201	1	1	1
174	6	200	175	7	201	1	1	1
174	7	200	175	8	201	1	1	1
174	8	200	175	9	201	1	1	1
175	0	200	176	1	201	1	1	1
175	1	200	176	2	201	1	1	1
175	2	200	176	3	201	1	1	1
175	3	200	176	4	201	1	1	1
175	4	200	176	5	201	1	1	1
175	5	200	176	6	201	1	1	1
175	6	200	176	7	201	1	1	1
175	7	200	176	8	201	1	1	1
175	8	200	176	9	201	1	1	1
176	0	200	177	1	201	1	1	1
176	1	200	177	2	201	1	1	1
176	2	200	177	3	201	1	1	1
176	3	200	177	4	201	1	1	1
176	4	200	177	5	201	1	1	1
176	5	200	177	6	201	1	1	1
176	6	200	177	7	201	1	1	1
176	7	200	177	8	201	1	1	1
176	8	200	177	9	201	1	1	1
177	0	200	178	1	201	1	1	1
177	1	200	178	2	201	1	1	1
177	2	200	178	3	201	1	1	1
177	3	200	178	4	201	1	1	1
177	4	200	178	5	201	1	1	1
177	5	200	178	6	201	1	1	1
177	6	200	178	7	201	1	1	1
177	7	200	178	8	201	1	1	1
177	8	200	178	9	201	1	1	1
178	0	200	179	1	201	1	1	1
178	1	200	179	2	201	1	1	1
178	2	200	179	3	201	1	1	1
178	3	200	179	4	201	1	1	1
178	4	200	179	5	201	1	1	1
178	5	200	179	6	201	1	1	1
178	6	200	179	7	201	1	1	1
178	7	200	179	8	201	1	1	1
178	8	200	179	9	201	1	1	1
179	0	200	180	1	201	1	1	1
179	1	200	180	2	201	1	1	1
179	2	200	180	3	201	1	1	1
179	3	200	180	4	201	1	1	1
179	4	200	180	5	201	1	1	1
179	5	200	180	6	201	1	1	1
179	6	200	180	7	201	1	1	1
179	7	200	180	8	201	1	1	1
179	8	200	180	9	201	1	1	1
180	0	200	181	1	201	1	1	1
180	1	200	181	2	201	1	1	1
180	2	200	181	3	201	1	1	1
180	3	200	181	4	201	1	1	1
180	4	200	181	5	201	1	1	1
180	5	200	181	6	201	1	1	1
180	6	200	181	7	201	1	1	1
180	7	200	181	8	201	1	1	1
180	8	200	181	9	201	1	1	1
181	0	200	182	1	201	1	1	1
181	1	200	182	2	201	1	1	1
181	2	200	182	3	201	1	1	1
181	3	200	182	4	201	1	1	1
181	4	200	182	5	201	1	1	1
181	5	200	182	6	201	1	1	1
181	6	200	182	7	201	1	1	1
181	7	200	182	8	201	1	1	1
181	8	200	182	9	201	1	1	1
182	0	200	183	1	201	1	1	1
182	1	200	183	2	201	1	1	1
182	2	200	183	3	201	1	1	1
182	3	200	183	4	201	1	1	1
182	4	200	183	5	201	1	1	1
182	5	200	183	6	201	1	1	1
182	6	200	183	7	201	1	1	1
182	7	200	183	8	201	1	1	1
182	8	200	183	9	201	1	1	1
183	0	200	184	1	201	1	1	1
183	1	200	184	2	201	1	1	1
183	2	200	184	3	201	1	1	1
183	3	200	184	4	201	1	1	1
183	4	200	184	5	201	1	1	1
183	5	200	184	6	201	1	1	1
183	6	200	184	7	201	1	1	1
183	7	200	184	8	201	1	1	1
183	8	200	184	9	201	1	1	1
184	0	200	185	1	201	1	1	1
184	1	200	185	2	201	1	1	1
184	2	200	185	3	201	1	1	1
184	3	200	185	4	201	1	1	1
184	4	200	185	5	201	1	1	1
184	5	200	185	6	201	1	1	1
184	6	200	185	7	201	1	1	1
184	7	200	185	8	201	1	1	1
184	8	200	185	9	201	1	1	1
185	0	200	186	1	201	1	1	1
185	1	200	186	2	201	1	1	1
185	2	200	186	3	201	1	1	1
185	3	200	186	4	201	1	1	1
185	4	200	186	5	201	1	1	1
185	5	200	186	6	201	1	1	1
185	6	200	186	7	201	1	1	1
185	7	200	186	8	201	1	1	1
185	8	200	186	9	201	1	1	1
186	0	200	187	1	201	1	1	1
186	1	200	187	2	201	1	1	1
186	2	200	187	3	201	1	1	1
186	3	200	187	4	201	1	1	1
186	4	200	187	5	201	1	1	1
186	5	200	187	6	201	1	1	1
186	6	200	187	7	201	1	1	1
186	7	200	187	8	201	1	1	1
186	8	200	187	9	201	1	1	1
187	0	200	188	1	201	1	1	1
187	1	200	188	2	201	1	1	1
187	2	200	188	3	201	1	1	1
187	3	200	188	4	201	1	1	1
187	4	200	188	5	201	1	1	1
187	5	200	188	6	201	1	1	1
187	6	200	188	7	201	1	1	1
187	7	200	188	8	201	1	1	1
187	8	200	188	9	201	1	1	1
188	0	200	189	1	201	1	1	1
188	1	200	189	2	201	1	1	1
188	2	200	189	3	201	1	1	1
188	3	200	189	4	201	1	1	1
188	4	200	189	5	201	1	1	1
188	5	200	189	6	201	1	1	1
188	6	200	189	7	201	1	1	1
188	7	200	189	8	201	1	1	1
188	8	200	189	9	201	1	1	1
189	0	200	190	1	201	1	1	1
189	1	200	190	2	201	1	1	1
189	2	200	190	3	201	1	1	1
189	3	200	190	4	201	1	1	1
189	4	200	190	5	201	1	1	1
189	5	200	190	6	201	1	1	1
189	6	200	190	7	201	1	1	1
189	7	200	190	8	201	1	1	1
189	8	200	190	9	201	1	1	1
190	0	200	191	1	201	1	1	1
190	1	200	191	2	201	1	1	1
190	2	200	191	3	201	1	1	1
190	3	200	191	4	201	1	1	1
190	4	200	191	5	201	1	1	1
190	5	200	191	6	201	1	1	1
190	6	200	191	7	201	1	1	1
190	7	200	191	8	201	1	1	1
190	8	200	191	9	201	1	1	1
191	0	200	192	1	201	1	1	1
191	1	200	192	2	201	1	1	1
191	2	200	192	3	201	1	1	1
191	3	200	192	4	201	1	1	1
191	4	200	192	5	201	1	1	1
191	5	200	192	6	201	1	1	1
191	6	200	192	7	201	1	1	1
191	7	200	192	8	201	1	1	1
191	8	200	192	9	201	1	1	1
192	0	200	193	1	201	1	1	1
192	1	200	193	2	201	1	1	1
192	2	200	193	3	201	1	1	1
192	3	200	193	4	201	1	1	1
192	4	200	193	5	201	1	1	1
192	5	200	193	6	201	1	1	1
192	6	200	193	7	201	1	1	1
192	7	200	193	8	201	1	1	1
192	8	200	193	9	201	1	1	1
193	0	200	194	1	201	1	1	1
193	1	200	194	2	201	1	1	1
193	2	200	194	3	201	1	1	1
193	3	200	194	4	201	1	1	1
193	4	200	194	5	201	1	1	1
193	5	200	194	6	201	1	1	1
193	6	200	194	7	201	1	1	1
193	7	200	194	8	201	1	1	1
193	8	200	194	9	201	1	1	1
194	0	200	195	1	201	1	1	1
194	1	200	195	2	201	1	1	1
194	2	200	195	3	201	1	1	1
194	3	200	195	4	201	1	1	1
194	4	200	195	5	201	1	1	1
194	5	200	195	6	201	1	1	1
194	6	200	195	7	201	1	1	1
194	7	200	195	8	201	1	1	1
194	8	200	195	9	201	1	1	1
195	0	200	196	1	201	1	1	1
195	1	200	196	2	201	1	1	1
195	2	200	196	3	201	1	1	1
195	3	200	196	4	201	1	1	1
195	4	200	196	5	201	1	1	1
195	5	200	196	6	201	1	1	1
195	6	200	196	7	201	1	1	1
195	7	200	196	8	201	1	1	1
195	8	200	196	9	201	1	1	1
196	0	200	197	1	201	1	1	1
196	1	200	197	2	201	1	1	1
196	2	200	197	3	201	1	1	1
196	3	200	197	4	201	1	1	1
196	4	200	197	5	201	1	1	1
196	5	200	197	6	201	1	1	1
196	6	200	197	7	201	1	1	1
196	7	200	197	8	201	1	1	1
196	8	200	197	9	201	1	1	1
197	0	200	198	1	201	1	1	1
197	1	200	198	2	201	1	1	1
197	2	200	198	3	201	1	1	1
197	3	200	198	4	201	1	1	1
197	4	200	198	5	201	1	1	1
197	5	200	198	6	201	1	1	1
197	6	200	198	7	201	1	1	1
197	7	200	198	8	201	1	1	1
197	8	200	198	9	201	1	1	1
198	0	200	199	1	201	1	1	1
198	1	200	199	2	201	1	1	1
198	2	200	199	3	201	1	1	1
198	3	200	199	4	201	1	1	1
198	4	200	199	5	201	1	1	1
198	5	200	199	6	201	1	1	1
198	6	200	199	7	201	1	1	1
198	7	200	199	8	201	1	1	1
198	8	200	199	9	201	1	1	1
199	0	200	200	1	201	1	1	1
199	1	200	200	2	201	1	1	1
199	2	200	200	3	201	1	1	1
199	3	200	200	4	201	1	1	1
199	4	200	200	5	201	1	1	1
199	5	200	200	6	201	1	1	1
199	6	200	200	7	201	1	1	1
199	7	200	200	8	201	1	1	1
199	8	200	200	9	201	1	1	1
0	1218	0	1	1219	1	1	1	1
1	1218	0	2	1219	1	1	1	1
2	1218	0	3	1219	1	1	1	1
3	1218	0	4	1219	1	1	1	1
4	1218	0	5	1219	1	1	1	1
5	1218	0	6	1219	1	1	1	1
6	1218	0	7	1219	1	1	1	1
7	1218	0	8	1219	1	1	1	1
8	1218	0	9	1219	1	1	1	1
9	1218	0	10	1219	1	1	1	1
10	1218	0	11	1219	1	1	1	1
11	1218	0	12	1219	1	1	1	1
12	1218	0	13	1219	1	1	1	1
13	1218	0	14	1219	1	1	1	1
14	1218	0	15	1219	1	1	1	1
15	1218	0	16	1219	1	1	1	1
16	1218	0	17	1219	1	1	1	1
17	1218	0	18	1219	1	1	1	1
18	1218	0	19	1219	1	1	1	1
19	1218	0	20	1219	1	1	1	1
20	1218	0	21	1219	1	1	1	1
21	1218	0	22	1219	1	1	1	1
22	1218	0	23	1219	1	1	1	1
23	1218	0	24	1219	1	1	1	1
24	1218	0	25	1219	1	1	1	1
25	1218	0	26	1219	1	1	1	1
26	1218	0	27	1219	1	1	1	1
27	1218	0	28	1219	1	1	1	1
28	1218	0	29	1219	1	1	1	1
29	1218	0	30	1219	1	1	1	1
30	1218	0	31	1219	1	1	1	1
31	1218	0	32	1219	1	1	1	1
32	1218	0	33	1219	1	1	1	1
33	1218	0	34	1219	1	1	1	1
34	1218	0	35	1219	1	1	1	1
35	1218	0	36	1219	1	1	1	1
36	1218	0	37	1219	1	1	1	1
37	1218	0	38	1219	1	1	1	1
38	1218	0	39	1219	1	1	1	1
39	1218	0	40	1219	1	1	1	1
40	1218	0	41	1219	1	1	1	1
41	1218	0	42	1219	1	1	1	1
42	1218	0	43	1219	1	1	1	1
43	1218	0	44	1219	1	1	1	1
44	1218	0	45	1219	1	1	1	1
45	1218	0	46	1219	1	1	1	1
46	1218	0	47	1219	1	1	1	1
47	1218	0	48	1219	1	1	1	1
48	1218	0	49	1219	1	1	1	1
49	1218	0	50	1219	1	1	1	1
50	1218	0	51	1219	1	1	1	1
51	1218	0	52	1219	1	1	1	1
52	1218	0	53	1219	1	1	1	1
53	1218	0	54	1219	1	1	1	1
54	1218	0	55	1219	1	1	1	1
55	1218	0	56	1219	1	1	1	1
56	1218	0	57	1219	1	1	1	1
57	1218	0	58	1219	1	1	1	1
58	1218	0	59	1219	1	1	1	1
59	1218	0	60	1219	1	1	1	1
60	1218	0	61	1219	1	1	1	1
61	1218	0	62	1219	1	1	1	1
62	1218	0	63	1219	1	1	1	1
63	1218	0	64	1219	1	1	1	1
64	1218	0	65	1219	1	1	1	1
65	1218	0	66	1219	1	1	1	1
66	1218	0	67	1219	1	1	1	1
67	1218	0	68	1219	1	1	1	1
68	1218	0	69	1219	1	1	1	1
69	1218	0	70	1219	1	1	1	1
70	1218	0	71	1219	1	1	1	1
71	1218	0	72	1219	1	1	1	1
72	1218	0	73	1219	1	1	1	1
73	1218	0	74	1219	1	1	1	1
74	1218	0	75	1219	1	1	1	1
75	1218	0	76	1219	1	1	1	1
76	1218	0	77	1219	1	1	1	1
77	1218	0	78	1219	1	1	1	1
78	1218	0	79	1219	1	1	1	1
79	1218	0	80	1219	1	1	1	1
80	1218	0	81	1219	1	1	1	1
81	1218	0	82	1219	1	1	1	1
82	1218	0	83	1219	1	1	1	1
83	1218	0	84	1219	1	1	1	1
84	1218	0	85	1219	1	1	1	1
85	1218	0	86	1219	1	1	1	1
86	1218	0	87	1219	1	1	1	1
87	1218	0	88	1219	1	1	1	1
88	1218	0	89	1219	1	1	1	1
89	1218	0	90	1219	1	1	1	1
90	1218	0	91	1219	1	1	1	1
91	1218	0	92	1219	1	1	1	1
92	1218	0	93	1219	1	1	1	1
93	1218	0	94	1219	1	1	1	1
94	1218	0	95	1219	1	1	1	1
95	1218	0	96	1219	1	1	1	1
96	1218	0	97	1219	1	1	1	1
97	1218	0	98	1219	1	1	1	1
98	1218	0	99	1219	1	1	1	1
99	1218	0	100	1219	1	1	1	1
100	1218	0	101	1219	1	1	1	1
101	1218	0	102	1219	1	1	1	1
102	1218	0	103	1219	1	1	1	1
103	1218	0	104	1219	1	1	1	1
104	1218	0	105	1219	1	1	1	1
105	1218	0	106	1219	1	1	1	1
106	1218	0	107	1219	1	1	1	1
107	1218	0	108	1219	1	1	1	1
108	1218	0	109	1219	1	1	1	1
109	1218	0	110	1219	1	1	1	1
110	1218	0	111	1219	1	1	1	1
111	1218	0	112	1219	1	1	1	1
112	1218	0	113	1219	1	1	1	1
113	1218	0	114	1219	1	1	1	1
114	1218	0	115	1219	1	1	1	1
115	1218	0	116	1219	1	1	1	1
116	1218	0	117	1219	1	1	1	1
117	1218	0	118	1219	1	1	1	1
118	1218	0	119	1219	1	1	1	1
119	1218	0	120	1219	1	1	1	1
120	1218	0	121	1219	1	1	1	1
121	1218	0	122	1219	1	1	1	1
122	1218	0	123	1219	1	1	1	1
123	1218	0	124	1219	1	1	1	1
124	1218	0	125	1219	1	1	1	1
125	1218	0	126	1219	1	1	1	1
126	1218	0	127	1219	1	1	1	1
127	1218	0	128	1219	1	1	1	1
128	1218	0	129	1219	1	1	1	1
129	1218	0	130	1219	1	1	1	1
130	1218	0	131	1219	1	1	1	1
131	1218	0	132	1219	1	1	1	1
132	1218	0	133	1219	1	1	1	1
133	1218	0	134	1219	1	1	1	1
134	1218	0	135	1219	1	1	1	1
135	1218	0	136	1219	1	1	1	1
136	1218	0	137	1219	1	1	1	1
137	1218	0	138	1219	1	1	1	1
138	1218	0	139	1219	1	1	1	1
139	1218	0	140	1219	1	1	1	1
140	1218	0	141	1219	1	1	1	1
141	1218	0	142	1219	1	1	1	1
142	1218	0	143	1219	1	1	1	1
143	1218	0	144	1219	1	1	1	1
144	1218	0	145	1219	1	1	1	1
145	1218	0	146	1219	1	1	1	1
146	1218	0	147	1219	1	1	1	1
147	1218	0	148	1219	1	1	1	1
148	1218	0	149	1219	1	1	1	1
149	1218	0	150	1219	1	1	1	1
150	1218	0	151	1219	1	1	1	1
151	1218	0	152	1219	1	1	1	1
152	1218	0	153	1219	1	1	1	1
153	1218	0	154	1219	1	1	1	1
154	1218	0	155	1219	1	1	1	1
155	1218	0	156	1219	1	1	1	1
156	1218	0	157	1219	1	1	1	1
157	1218	0	158	1219	1	1	1	1
158	1218	0	159	1219	1	1	1	1
159	1218	0	160	1219	1	1	1	1
160	1218	0	161	1219	1	1	1	1
161	1218	0	162	1219	1	1	1	1
162	1218	0	163	1219	1	1	1	1
163	1218	0	164	1219	1	1	1	1
164	1218	0	165	1219	1	1	1	1
165	1218	0	166	1219	1	1	1	1
166	1218	0	167	1219	1	1	1	1
167	1218	0	168	1219	1	1	1	1
168	1218	0	169	1219	1	1	1	1
169	1218	0	170	1219	1	1	1	1
170	1218	0	171	1219	1	1	1	1
171	1218	0	172	1219	1	1	1	1
172	1218	0	173	1219	1	1	1	1
173	1218	0	174	1219	1	1	1	1
174	1218	0	175	1219	1	1	1	1
175	1218	0	176	1219	1	1	1	1
176	1218	0	177	1219	1	1	1	1
177	1218	0	178	1219	1	1	1	1
178	1218	0	179	1219	1	1	1	1
179	1218	0	180	1219	1	1	1	1
180	1218	0	181	1219	1	1	1	1
181	1218	0	182	1219	1	1	1	1
182	1218	0	183	1219	1	1	1	1
183	1218	0	184	1219	1	1	1	1
184	1218	0	185	1219	1	1	1	1
185	1218	0	186	1219	1	1	1	1
186	1218	0	187	1219	1	1	1	1
187	1218	0	188	1219	1	1	1	1
188	1218	0	189	1219	1	1	1	1
189	1218	0	190	1219	1	1	1	1
190	1218	0	191	1219	1	1	1	1
191	1218	0	192	1219	1	1	1	1
192	1218	0	193	1219	1	1	1	1
193	1218	0	194	1219	1	1	1	1
194	1218	0	195	1219	1	1	1	1
195	1218	0	196	1219	1	1	1	1
196	1218	0	197	1219	1	1	1	1
197	1218	0	198	1219	1	1	1	1
198	1218	0	199	1219	1	1	1	1
