99	99	120	100	160
1912560	1683216
0	0	0	15	54	40	8	1	1
0	0	40	15	54	80	8	1	1
0	0	80	15	54	120	8	1	1
0	0	120	15	54	160	8	1	1
15	0	0	30	54	40	8	1	1
15	0	40	30	54	80	8	1	1
15	0	80	30	54	120	8	1	1
15	0	120	30	54	160	8	1	1
30	0	0	45	54	40	8	1	1
30	0	40	45	54	80	8	1	1
30	0	80	45	54	120	8	1	1
30	0	120	45	54	160	8	1	1
45	0	0	60	54	40	8	1	1
45	0	40	60	54	80	8	1	1
45	0	80	60	54	120	8	1	1
45	0	120	60	54	160	8	1	1
60	0	0	75	54	40	8	1	1
60	0	40	75	54	80	8	1	1
60	0	80	75	54	120	8	1	1
60	0	120	75	54	160	8	1	1
75	0	0	90	54	40	8	1	1
75	0	40	90	54	80	8	1	1
75	0	80	90	54	120	8	1	1
75	0	120	90	54	160	8	1	1
90	0	0	105	54	40	8	1	1
90	0	40	105	54	80	8	1	1
90	0	80	105	54	120	8	1	1
90	0	120	105	54	160	8	1	1
105	0	0	120	54	40	8	1	1
105	0	40	120	54	80	8	1	1
105	0	80	120	54	120	8	1	1
105	0	120	120	54	160	8	1	1
0	54	0	29	77	10	67	2	2
0	54	10	29	77	20	67	2	2
0	54	20	29	77	30	67	2	2
0	54	30	29	77	40	67	2	2
0	54	40	29	77	50	67	2	2
0	54	50	29	77	60	67	2	2
0	54	60	29	77	70	67	2	2
0	54	70	29	77	80	67	2	2
0	54	80	29	77	90	67	2	2
0	54	90	29	77	100	67	2	2
0	54	100	29	77	110	67	2	2
0	54	110	29	77	120	67	2	2
0	54	120	29	77	130	67	2	2
0	54	130	29	77	140	67	2	2
0	54	140	29	77	150	67	2	2
0	54	150	29	77	160	67	2	2
0	77	0	29	100	10	67	2	2
0	77	10	29	100	20	67	2	2
0	77	20	29	100	30	67	2	2
0	77	30	29	100	40	67	2	2
0	77	40	29	100	50	67	2	2
0	77	50	29	100	60	67	2	2
0	77	60	29	100	70	67	2	2
0	77	70	29	100	80	67	2	2
0	77	80	29	100	90	67	2	2
0	77	90	29	100	100	67	2	2
0	77	100	29	100	110	67	2	2
0	77	110	29	100	120	67	2	2
0	77	120	29	100	130	67	2	2
0	77	130	29	100	140	67	2	2
0	77	140	29	100	150	67	2	2
0	77	150	29	100	160	67	2	2
29	54	0	58	77	10	67	3	3
29	54	10	58	77	20	67	3	3
29	54	20	58	77	30	67	3	3
29	54	30	58	77	40	67	3	3
29	54	40	58	77	50	67	3	3
29	54	50	58	77	60	67	3	3
29	54	60	58	77	70	67	3	3
29	54	70	58	77	80	67	3	3
29	54	80	58	77	90	67	3	3
29	54	90	58	77	100	67	3	3
29	54	100	58	77	110	67	3	3
29	54	110	58	77	120	67	3	3
29	54	120	58	77	130	67	3	3
29	54	130	58	77	140	67	3	3
29	54	140	58	77	150	67	3	3
29	54	150	58	77	160	67	3	3
29	77	0	58	100	10	67	3	3
29	77	10	58	100	20	67	3	3
29	77	20	58	100	30	67	3	3
29	77	30	58	100	40	67	3	3
29	77	40	58	100	50	67	3	3
29	77	50	58	100	60	67	3	3
29	77	60	58	100	70	67	3	3
29	77	70	58	100	80	67	3	3
29	77	80	58	100	90	67	3	3
29	77	90	58	100	100	67	3	3
29	77	100	58	100	110	67	3	3
29	77	110	58	100	120	67	3	3
29	77	120	58	100	130	67	3	3
29	77	130	58	100	140	67	3	3
29	77	140	58	100	150	67	3	3
29	77	150	58	100	160	67	3	3
58	54	0	120	77	40	0	4	4
58	77	0	120	100	40	0	4	4
58	55	40	89	100	52	22	5	5
58	55	52	89	100	64	22	5	5
58	55	64	89	100	76	22	5	5
58	55	76	89	100	88	22	5	5
58	55	88	89	100	100	22	5	5
58	55	100	89	100	112	22	5	5
58	55	112	89	100	124	22	5	5
58	55	124	89	100	136	22	5	5
58	55	136	89	100	148	22	5	5
58	55	148	89	100	160	22	5	5
89	55	40	120	100	52	22	5	5
89	55	52	120	100	64	22	5	5
89	55	64	120	100	76	22	5	5
89	55	76	120	100	88	22	5	5
89	55	88	120	100	100	22	5	5
89	55	100	120	100	112	22	5	5
89	55	112	120	100	124	22	5	5
89	55	124	120	100	136	22	5	5
89	55	136	120	100	148	22	5	5
89	55	148	120	100	160	22	5	5
120	0	0	182	40	23	0	6	0
183	0	0	243	40	11	1	7	0
183	0	11	243	40	22	1	7	0
183	0	22	243	40	33	1	7	0
244	0	0	304	24	22	2	8	0
244	0	22	304	24	44	2	8	0
244	0	44	304	24	66	2	8	0
244	0	66	304	24	88	2	8	0
244	0	88	304	24	110	2	8	0
244	0	110	304	24	132	2	8	0
244	0	132	304	24	154	2	8	0
244	0	154	304	24	176	2	8	0
244	0	176	304	24	198	2	8	0
305	0	0	364	40	24	3	9	0
305	0	24	364	40	48	3	9	0
365	0	0	423	38	17	4	10	0
365	0	17	423	38	34	4	10	0
365	0	34	423	38	51	4	10	0
365	0	51	423	38	68	4	10	0
365	0	68	423	38	85	4	10	0
365	0	85	423	38	102	4	10	0
365	0	102	423	38	119	4	10	0
365	0	119	423	38	136	4	10	0
365	0	136	423	38	153	4	10	0
365	0	153	423	38	170	4	10	0
365	0	170	423	38	187	4	10	0
365	0	187	423	38	204	4	10	0
365	0	204	423	38	221	4	10	0
365	0	221	423	38	238	4	10	0
365	0	238	423	38	255	4	10	0
365	0	255	423	38	272	4	10	0
365	0	272	423	38	289	4	10	0
365	0	289	423	38	306	4	10	0
365	0	306	423	38	323	4	10	0
365	0	323	423	38	340	4	10	0
365	0	340	423	38	357	4	10	0
365	0	357	423	38	374	4	10	0
365	0	374	423	38	391	4	10	0
365	0	391	423	38	408	4	10	0
365	0	408	423	38	425	4	10	0
365	0	425	423	38	442	4	10	0
365	0	442	423	38	459	4	10	0
365	0	459	423	38	476	4	10	0
365	0	476	423	38	493	4	10	0
365	0	493	423	38	510	4	10	0
424	0	0	481	37	16	5	11	0
424	0	16	481	37	32	5	11	0
424	0	32	481	37	48	5	11	0
424	0	48	481	37	64	5	11	0
424	0	64	481	37	80	5	11	0
424	0	80	481	37	96	5	11	0
424	0	96	481	37	112	5	11	0
424	0	112	481	37	128	5	11	0
424	0	128	481	37	144	5	11	0
424	0	144	481	37	160	5	11	0
424	0	160	481	37	176	5	11	0
424	0	176	481	37	192	5	11	0
424	0	192	481	37	208	5	11	0
424	0	208	481	37	224	5	11	0
424	0	224	481	37	240	5	11	0
424	0	240	481	37	256	5	11	0
424	0	256	481	37	272	5	11	0
424	0	272	481	37	288	5	11	0
424	0	288	481	37	304	5	11	0
424	0	304	481	37	320	5	11	0
424	0	320	481	37	336	5	11	0
424	0	336	481	37	352	5	11	0
424	0	352	481	37	368	5	11	0
424	0	368	481	37	384	5	11	0
424	0	384	481	37	400	5	11	0
424	0	400	481	37	416	5	11	0
424	0	416	481	37	432	5	11	0
424	0	432	481	37	448	5	11	0
424	0	448	481	37	464	5	11	0
424	0	464	481	37	480	5	11	0
424	0	480	481	37	496	5	11	0
424	0	496	481	37	512	5	11	0
424	0	512	481	37	528	5	11	0
424	0	528	481	37	544	5	11	0
424	0	544	481	37	560	5	11	0
424	0	560	481	37	576	5	11	0
424	0	576	481	37	592	5	11	0
424	0	592	481	37	608	5	11	0
424	0	608	481	37	624	5	11	0
424	0	624	481	37	640	5	11	0
424	0	640	481	37	656	5	11	0
424	0	656	481	37	672	5	11	0
424	0	672	481	37	688	5	11	0
424	0	688	481	37	704	5	11	0
424	0	704	481	37	720	5	11	0
424	0	720	481	37	736	5	11	0
424	0	736	481	37	752	5	11	0
424	0	752	481	37	768	5	11	0
424	0	768	481	37	784	5	11	0
424	0	784	481	37	800	5	11	0
424	0	800	481	37	816	5	11	0
424	0	816	481	37	832	5	11	0
424	0	832	481	37	848	5	11	0
424	0	848	481	37	864	5	11	0
424	0	864	481	37	880	5	11	0
424	0	880	481	37	896	5	11	0
424	0	896	481	37	912	5	11	0
424	0	912	481	37	928	5	11	0
424	0	928	481	37	944	5	11	0
424	0	944	481	37	960	5	11	0
424	0	960	481	37	976	5	11	0
424	0	976	481	37	992	5	11	0
424	0	992	481	37	1008	5	11	0
424	0	1008	481	37	1024	5	11	0
424	0	1024	481	37	1040	5	11	0
424	0	1040	481	37	1056	5	11	0
424	0	1056	481	37	1072	5	11	0
424	0	1072	481	37	1088	5	11	0
424	0	1088	481	37	1104	5	11	0
424	0	1104	481	37	1120	5	11	0
424	0	1120	481	37	1136	5	11	0
424	0	1136	481	37	1152	5	11	0
424	0	1152	481	37	1168	5	11	0
482	0	0	538	39	17	6	12	0
482	0	17	538	39	34	6	12	0
482	0	34	538	39	51	6	12	0
482	0	51	538	39	68	6	12	0
482	0	68	538	39	85	6	12	0
482	0	85	538	39	102	6	12	0
482	0	102	538	39	119	6	12	0
482	0	119	538	39	136	6	12	0
482	0	136	538	39	153	6	12	0
482	0	153	538	39	170	6	12	0
482	0	170	538	39	187	6	12	0
482	0	187	538	39	204	6	12	0
482	0	204	538	39	221	6	12	0
482	0	221	538	39	238	6	12	0
482	0	238	538	39	255	6	12	0
482	0	255	538	39	272	6	12	0
482	0	272	538	39	289	6	12	0
482	0	289	538	39	306	6	12	0
482	0	306	538	39	323	6	12	0
482	0	323	538	39	340	6	12	0
482	0	340	538	39	357	6	12	0
482	0	357	538	39	374	6	12	0
482	0	374	538	39	391	6	12	0
482	0	391	538	39	408	6	12	0
482	0	408	538	39	425	6	12	0
482	0	425	538	39	442	6	12	0
482	0	442	538	39	459	6	12	0
482	0	459	538	39	476	6	12	0
482	0	476	538	39	493	6	12	0
482	0	493	538	39	510	6	12	0
482	0	510	538	39	527	6	12	0
482	0	527	538	39	544	6	12	0
482	0	544	538	39	561	6	12	0
482	0	561	538	39	578	6	12	0
482	0	578	538	39	595	6	12	0
482	0	595	538	39	612	6	12	0
482	0	612	538	39	629	6	12	0
482	0	629	538	39	646	6	12	0
482	0	646	538	39	663	6	12	0
482	0	663	538	39	680	6	12	0
482	0	680	538	39	697	6	12	0
482	0	697	538	39	714	6	12	0
482	0	714	538	39	731	6	12	0
482	0	731	538	39	748	6	12	0
482	0	748	538	39	765	6	12	0
482	0	765	538	39	782	6	12	0
482	0	782	538	39	799	6	12	0
482	0	799	538	39	816	6	12	0
482	0	816	538	39	833	6	12	0
482	0	833	538	39	850	6	12	0
482	0	850	538	39	867	6	12	0
482	0	867	538	39	884	6	12	0
482	0	884	538	39	901	6	12	0
482	0	901	538	39	918	6	12	0
482	0	918	538	39	935	6	12	0
482	0	935	538	39	952	6	12	0
482	0	952	538	39	969	6	12	0
482	0	969	538	39	986	6	12	0
482	0	986	538	39	1003	6	12	0
482	0	1003	538	39	1020	6	12	0
482	0	1020	538	39	1037	6	12	0
482	0	1037	538	39	1054	6	12	0
482	0	1054	538	39	1071	6	12	0
482	0	1071	538	39	1088	6	12	0
482	0	1088	538	39	1105	6	12	0
482	0	1105	538	39	1122	6	12	0
482	0	1122	538	39	1139	6	12	0
482	0	1139	538	39	1156	6	12	0
482	0	1156	538	39	1173	6	12	0
482	0	1173	538	39	1190	6	12	0
482	0	1190	538	39	1207	6	12	0
482	0	1207	538	39	1224	6	12	0
482	0	1224	538	39	1241	6	12	0
482	0	1241	538	39	1258	6	12	0
482	0	1258	538	39	1275	6	12	0
482	0	1275	538	39	1292	6	12	0
482	0	1292	538	39	1309	6	12	0
539	0	0	595	37	16	7	13	0
539	0	16	595	37	32	7	13	0
539	0	32	595	37	48	7	13	0
539	0	48	595	37	64	7	13	0
539	0	64	595	37	80	7	13	0
539	0	80	595	37	96	7	13	0
539	0	96	595	37	112	7	13	0
539	0	112	595	37	128	7	13	0
539	0	128	595	37	144	7	13	0
539	0	144	595	37	160	7	13	0
539	0	160	595	37	176	7	13	0
539	0	176	595	37	192	7	13	0
539	0	192	595	37	208	7	13	0
539	0	208	595	37	224	7	13	0
539	0	224	595	37	240	7	13	0
539	0	240	595	37	256	7	13	0
539	0	256	595	37	272	7	13	0
539	0	272	595	37	288	7	13	0
539	0	288	595	37	304	7	13	0
539	0	304	595	37	320	7	13	0
539	0	320	595	37	336	7	13	0
539	0	336	595	37	352	7	13	0
539	0	352	595	37	368	7	13	0
539	0	368	595	37	384	7	13	0
539	0	384	595	37	400	7	13	0
539	0	400	595	37	416	7	13	0
539	0	416	595	37	432	7	13	0
539	0	432	595	37	448	7	13	0
539	0	448	595	37	464	7	13	0
539	0	464	595	37	480	7	13	0
539	0	480	595	37	496	7	13	0
539	0	496	595	37	512	7	13	0
539	0	512	595	37	528	7	13	0
539	0	528	595	37	544	7	13	0
539	0	544	595	37	560	7	13	0
539	0	560	595	37	576	7	13	0
539	0	576	595	37	592	7	13	0
539	0	592	595	37	608	7	13	0
539	0	608	595	37	624	7	13	0
539	0	624	595	37	640	7	13	0
539	0	640	595	37	656	7	13	0
539	0	656	595	37	672	7	13	0
539	0	672	595	37	688	7	13	0
539	0	688	595	37	704	7	13	0
539	0	704	595	37	720	7	13	0
539	0	720	595	37	736	7	13	0
539	0	736	595	37	752	7	13	0
539	0	752	595	37	768	7	13	0
539	0	768	595	37	784	7	13	0
539	0	784	595	37	800	7	13	0
539	0	800	595	37	816	7	13	0
539	0	816	595	37	832	7	13	0
539	0	832	595	37	848	7	13	0
539	0	848	595	37	864	7	13	0
539	0	864	595	37	880	7	13	0
539	0	880	595	37	896	7	13	0
539	0	896	595	37	912	7	13	0
539	0	912	595	37	928	7	13	0
539	0	928	595	37	944	7	13	0
539	0	944	595	37	960	7	13	0
539	0	960	595	37	976	7	13	0
539	0	976	595	37	992	7	13	0
539	0	992	595	37	1008	7	13	0
539	0	1008	595	37	1024	7	13	0
539	0	1024	595	37	1040	7	13	0
539	0	1040	595	37	1056	7	13	0
539	0	1056	595	37	1072	7	13	0
539	0	1072	595	37	1088	7	13	0
539	0	1088	595	37	1104	7	13	0
539	0	1104	595	37	1120	7	13	0
539	0	1120	595	37	1136	7	13	0
539	0	1136	595	37	1152	7	13	0
539	0	1152	595	37	1168	7	13	0
539	0	1168	595	37	1184	7	13	0
539	0	1184	595	37	1200	7	13	0
539	0	1200	595	37	1216	7	13	0
539	0	1216	595	37	1232	7	13	0
539	0	1232	595	37	1248	7	13	0
539	0	1248	595	37	1264	7	13	0
539	0	1264	595	37	1280	7	13	0
539	0	1280	595	37	1296	7	13	0
539	0	1296	595	37	1312	7	13	0
539	0	1312	595	37	1328	7	13	0
539	0	1328	595	37	1344	7	13	0
539	0	1344	595	37	1360	7	13	0
539	0	1360	595	37	1376	7	13	0
539	0	1376	595	37	1392	7	13	0
539	0	1392	595	37	1408	7	13	0
539	0	1408	595	37	1424	7	13	0
539	0	1424	595	37	1440	7	13	0
539	0	1440	595	37	1456	7	13	0
539	0	1456	595	37	1472	7	13	0
539	0	1472	595	37	1488	7	13	0
539	0	1488	595	37	1504	7	13	0
539	0	1504	595	37	1520	7	13	0
539	0	1520	595	37	1536	7	13	0
539	0	1536	595	37	1552	7	13	0
539	0	1552	595	37	1568	7	13	0
539	0	1568	595	37	1584	7	13	0
539	0	1584	595	37	1600	7	13	0
539	0	1600	595	37	1616	7	13	0
539	0	1616	595	37	1632	7	13	0
539	0	1632	595	37	1648	7	13	0
539	0	1648	595	37	1664	7	13	0
539	0	1664	595	37	1680	7	13	0
539	0	1680	595	37	1696	7	13	0
539	0	1696	595	37	1712	7	13	0
539	0	1712	595	37	1728	7	13	0
539	0	1728	595	37	1744	7	13	0
539	0	1744	595	37	1760	7	13	0
539	0	1760	595	37	1776	7	13	0
539	0	1776	595	37	1792	7	13	0
539	0	1792	595	37	1808	7	13	0
539	0	1808	595	37	1824	7	13	0
539	0	1824	595	37	1840	7	13	0
539	0	1840	595	37	1856	7	13	0
539	0	1856	595	37	1872	7	13	0
539	0	1872	595	37	1888	7	13	0
539	0	1888	595	37	1904	7	13	0
539	0	1904	595	37	1920	7	13	0
539	0	1920	595	37	1936	7	13	0
539	0	1936	595	37	1952	7	13	0
539	0	1952	595	37	1968	7	13	0
539	0	1968	595	37	1984	7	13	0
539	0	1984	595	37	2000	7	13	0
539	0	2000	595	37	2016	7	13	0
539	0	2016	595	37	2032	7	13	0
539	0	2032	595	37	2048	7	13	0
539	0	2048	595	37	2064	7	13	0
539	0	2064	595	37	2080	7	13	0
539	0	2080	595	37	2096	7	13	0
539	0	2096	595	37	2112	7	13	0
539	0	2112	595	37	2128	7	13	0
539	0	2128	595	37	2144	7	13	0
539	0	2144	595	37	2160	7	13	0
539	0	2160	595	37	2176	7	13	0
539	0	2176	595	37	2192	7	13	0
539	0	2192	595	37	2208	7	13	0
539	0	2208	595	37	2224	7	13	0
539	0	2224	595	37	2240	7	13	0
539	0	2240	595	37	2256	7	13	0
539	0	2256	595	37	2272	7	13	0
539	0	2272	595	37	2288	7	13	0
539	0	2288	595	37	2304	7	13	0
539	0	2304	595	37	2320	7	13	0
539	0	2320	595	37	2336	7	13	0
539	0	2336	595	37	2352	7	13	0
539	0	2352	595	37	2368	7	13	0
539	0	2368	595	37	2384	7	13	0
539	0	2384	595	37	2400	7	13	0
539	0	2400	595	37	2416	7	13	0
539	0	2416	595	37	2432	7	13	0
539	0	2432	595	37	2448	7	13	0
539	0	2448	595	37	2464	7	13	0
596	0	0	650	40	15	8	14	0
596	0	15	650	40	30	8	14	0
596	0	30	650	40	45	8	14	0
596	0	45	650	40	60	8	14	0
596	0	60	650	40	75	8	14	0
596	0	75	650	40	90	8	14	0
596	0	90	650	40	105	8	14	0
596	0	105	650	40	120	8	14	0
651	0	0	702	40	15	9	15	0
651	0	15	702	40	30	9	15	0
651	0	30	702	40	45	9	15	0
651	0	45	702	40	60	9	15	0
651	0	60	702	40	75	9	15	0
651	0	75	702	40	90	9	15	0
651	0	90	702	40	105	9	15	0
651	0	105	702	40	120	9	15	0
651	0	120	702	40	135	9	15	0
651	0	135	702	40	150	9	15	0
651	0	150	702	40	165	9	15	0
651	0	165	702	40	180	9	15	0
651	0	180	702	40	195	9	15	0
651	0	195	702	40	210	9	15	0
651	0	210	702	40	225	9	15	0
651	0	225	702	40	240	9	15	0
651	0	240	702	40	255	9	15	0
651	0	255	702	40	270	9	15	0
651	0	270	702	40	285	9	15	0
651	0	285	702	40	300	9	15	0
651	0	300	702	40	315	9	15	0
651	0	315	702	40	330	9	15	0
651	0	330	702	40	345	9	15	0
651	0	345	702	40	360	9	15	0
651	0	360	702	40	375	9	15	0
651	0	375	702	40	390	9	15	0
651	0	390	702	40	405	9	15	0
651	0	405	702	40	420	9	15	0
651	0	420	702	40	435	9	15	0
651	0	435	702	40	450	9	15	0
651	0	450	702	40	465	9	15	0
651	0	465	702	40	480	9	15	0
651	0	480	702	40	495	9	15	0
651	0	495	702	40	510	9	15	0
651	0	510	702	40	525	9	15	0
651	0	525	702	40	540	9	15	0
651	0	540	702	40	555	9	15	0
651	0	555	702	40	570	9	15	0
651	0	570	702	40	585	9	15	0
651	0	585	702	40	600	9	15	0
651	0	600	702	40	615	9	15	0
651	0	615	702	40	630	9	15	0
651	0	630	702	40	645	9	15	0
651	0	645	702	40	660	9	15	0
651	0	660	702	40	675	9	15	0
651	0	675	702	40	690	9	15	0
651	0	690	702	40	705	9	15	0
651	0	705	702	40	720	9	15	0
651	0	720	702	40	735	9	15	0
651	0	735	702	40	750	9	15	0
651	0	750	702	40	765	9	15	0
651	0	765	702	40	780	9	15	0
651	0	780	702	40	795	9	15	0
651	0	795	702	40	810	9	15	0
651	0	810	702	40	825	9	15	0
651	0	825	702	40	840	9	15	0
651	0	840	702	40	855	9	15	0
651	0	855	702	40	870	9	15	0
703	0	0	753	39	12	10	16	0
703	0	12	753	39	24	10	16	0
703	0	24	753	39	36	10	16	0
703	0	36	753	39	48	10	16	0
703	0	48	753	39	60	10	16	0
703	0	60	753	39	72	10	16	0
703	0	72	753	39	84	10	16	0
703	0	84	753	39	96	10	16	0
703	0	96	753	39	108	10	16	0
703	0	108	753	39	120	10	16	0
703	0	120	753	39	132	10	16	0
703	0	132	753	39	144	10	16	0
703	0	144	753	39	156	10	16	0
703	0	156	753	39	168	10	16	0
703	0	168	753	39	180	10	16	0
703	0	180	753	39	192	10	16	0
703	0	192	753	39	204	10	16	0
703	0	204	753	39	216	10	16	0
703	0	216	753	39	228	10	16	0
703	0	228	753	39	240	10	16	0
703	0	240	753	39	252	10	16	0
703	0	252	753	39	264	10	16	0
703	0	264	753	39	276	10	16	0
703	0	276	753	39	288	10	16	0
703	0	288	753	39	300	10	16	0
703	0	300	753	39	312	10	16	0
703	0	312	753	39	324	10	16	0
703	0	324	753	39	336	10	16	0
754	0	0	804	35	39	11	17	0
805	0	0	855	20	26	12	18	0
805	0	26	855	20	52	12	18	0
805	0	52	855	20	78	12	18	0
805	0	78	855	20	104	12	18	0
805	0	104	855	20	130	12	18	0
805	0	130	855	20	156	12	18	0
805	0	156	855	20	182	12	18	0
856	0	0	905	28	35	13	19	0
856	0	35	905	28	70	13	19	0
856	0	70	905	28	105	13	19	0
906	0	0	954	30	27	14	20	0
906	0	27	954	30	54	14	20	0
906	0	54	954	30	81	14	20	0
906	0	81	954	30	108	14	20	0
906	0	108	954	30	135	14	20	0
906	0	135	954	30	162	14	20	0
906	0	162	954	30	189	14	20	0
906	0	189	954	30	216	14	20	0
906	0	216	954	30	243	14	20	0
906	0	243	954	30	270	14	20	0
906	0	270	954	30	297	14	20	0
906	0	297	954	30	324	14	20	0
906	0	324	954	30	351	14	20	0
906	0	351	954	30	378	14	20	0
906	0	378	954	30	405	14	20	0
906	0	405	954	30	432	14	20	0
955	0	0	1003	34	16	15	21	0
955	0	16	1003	34	32	15	21	0
955	0	32	1003	34	48	15	21	0
955	0	48	1003	34	64	15	21	0
955	0	64	1003	34	80	15	21	0
955	0	80	1003	34	96	15	21	0
955	0	96	1003	34	112	15	21	0
955	0	112	1003	34	128	15	21	0
955	0	128	1003	34	144	15	21	0
955	0	144	1003	34	160	15	21	0
955	0	160	1003	34	176	15	21	0
955	0	176	1003	34	192	15	21	0
955	0	192	1003	34	208	15	21	0
955	0	208	1003	34	224	15	21	0
955	0	224	1003	34	240	15	21	0
955	0	240	1003	34	256	15	21	0
955	0	256	1003	34	272	15	21	0
955	0	272	1003	34	288	15	21	0
955	0	288	1003	34	304	15	21	0
955	0	304	1003	34	320	15	21	0
955	0	320	1003	34	336	15	21	0
955	0	336	1003	34	352	15	21	0
955	0	352	1003	34	368	15	21	0
955	0	368	1003	34	384	15	21	0
955	0	384	1003	34	400	15	21	0
955	0	400	1003	34	416	15	21	0
955	0	416	1003	34	432	15	21	0
955	0	432	1003	34	448	15	21	0
955	0	448	1003	34	464	15	21	0
955	0	464	1003	34	480	15	21	0
955	0	480	1003	34	496	15	21	0
955	0	496	1003	34	512	15	21	0
955	0	512	1003	34	528	15	21	0
955	0	528	1003	34	544	15	21	0
955	0	544	1003	34	560	15	21	0
955	0	560	1003	34	576	15	21	0
955	0	576	1003	34	592	15	21	0
955	0	592	1003	34	608	15	21	0
955	0	608	1003	34	624	15	21	0
955	0	624	1003	34	640	15	21	0
955	0	640	1003	34	656	15	21	0
955	0	656	1003	34	672	15	21	0
955	0	672	1003	34	688	15	21	0
955	0	688	1003	34	704	15	21	0
955	0	704	1003	34	720	15	21	0
955	0	720	1003	34	736	15	21	0
955	0	736	1003	34	752	15	21	0
955	0	752	1003	34	768	15	21	0
955	0	768	1003	34	784	15	21	0
955	0	784	1003	34	800	15	21	0
955	0	800	1003	34	816	15	21	0
955	0	816	1003	34	832	15	21	0
955	0	832	1003	34	848	15	21	0
955	0	848	1003	34	864	15	21	0
955	0	864	1003	34	880	15	21	0
955	0	880	1003	34	896	15	21	0
955	0	896	1003	34	912	15	21	0
955	0	912	1003	34	928	15	21	0
955	0	928	1003	34	944	15	21	0
955	0	944	1003	34	960	15	21	0
955	0	960	1003	34	976	15	21	0
955	0	976	1003	34	992	15	21	0
955	0	992	1003	34	1008	15	21	0
1004	0	0	1052	29	27	16	22	0
1004	0	27	1052	29	54	16	22	0
1053	0	0	1101	34	15	17	23	0
1053	0	15	1101	34	30	17	23	0
1053	0	30	1101	34	45	17	23	0
1053	0	45	1101	34	60	17	23	0
1053	0	60	1101	34	75	17	23	0
1053	0	75	1101	34	90	17	23	0
1053	0	90	1101	34	105	17	23	0
1053	0	105	1101	34	120	17	23	0
1053	0	120	1101	34	135	17	23	0
1053	0	135	1101	34	150	17	23	0
1053	0	150	1101	34	165	17	23	0
1053	0	165	1101	34	180	17	23	0
1053	0	180	1101	34	195	17	23	0
1053	0	195	1101	34	210	17	23	0
1053	0	210	1101	34	225	17	23	0
1053	0	225	1101	34	240	17	23	0
1053	0	240	1101	34	255	17	23	0
1053	0	255	1101	34	270	17	23	0
1053	0	270	1101	34	285	17	23	0
1053	0	285	1101	34	300	17	23	0
1053	0	300	1101	34	315	17	23	0
1053	0	315	1101	34	330	17	23	0
1053	0	330	1101	34	345	17	23	0
1053	0	345	1101	34	360	17	23	0
1053	0	360	1101	34	375	17	23	0
1053	0	375	1101	34	390	17	23	0
1053	0	390	1101	34	405	17	23	0
1053	0	405	1101	34	420	17	23	0
1053	0	420	1101	34	435	17	23	0
1053	0	435	1101	34	450	17	23	0
1053	0	450	1101	34	465	17	23	0
1053	0	465	1101	34	480	17	23	0
1053	0	480	1101	34	495	17	23	0
1053	0	495	1101	34	510	17	23	0
1053	0	510	1101	34	525	17	23	0
1053	0	525	1101	34	540	17	23	0
1053	0	540	1101	34	555	17	23	0
1053	0	555	1101	34	570	17	23	0
1053	0	570	1101	34	585	17	23	0
1053	0	585	1101	34	600	17	23	0
1053	0	600	1101	34	615	17	23	0
1053	0	615	1101	34	630	17	23	0
1053	0	630	1101	34	645	17	23	0
1053	0	645	1101	34	660	17	23	0
1053	0	660	1101	34	675	17	23	0
1053	0	675	1101	34	690	17	23	0
1053	0	690	1101	34	705	17	23	0
1053	0	705	1101	34	720	17	23	0
1053	0	720	1101	34	735	17	23	0
1053	0	735	1101	34	750	17	23	0
1053	0	750	1101	34	765	17	23	0
1053	0	765	1101	34	780	17	23	0
1053	0	780	1101	34	795	17	23	0
1053	0	795	1101	34	810	17	23	0
1053	0	810	1101	34	825	17	23	0
1053	0	825	1101	34	840	17	23	0
1053	0	840	1101	34	855	17	23	0
1053	0	855	1101	34	870	17	23	0
1053	0	870	1101	34	885	17	23	0
1053	0	885	1101	34	900	17	23	0
1053	0	900	1101	34	915	17	23	0
1053	0	915	1101	34	930	17	23	0
1053	0	930	1101	34	945	17	23	0
1053	0	945	1101	34	960	17	23	0
1053	0	960	1101	34	975	17	23	0
1053	0	975	1101	34	990	17	23	0
1053	0	990	1101	34	1005	17	23	0
1053	0	1005	1101	34	1020	17	23	0
1053	0	1020	1101	34	1035	17	23	0
1053	0	1035	1101	34	1050	17	23	0
1053	0	1050	1101	34	1065	17	23	0
1053	0	1065	1101	34	1080	17	23	0
1053	0	1080	1101	34	1095	17	23	0
1053	0	1095	1101	34	1110	17	23	0
1053	0	1110	1101	34	1125	17	23	0
1053	0	1125	1101	34	1140	17	23	0
1053	0	1140	1101	34	1155	17	23	0
1053	0	1155	1101	34	1170	17	23	0
1053	0	1170	1101	34	1185	17	23	0
1053	0	1185	1101	34	1200	17	23	0
1053	0	1200	1101	34	1215	17	23	0
1053	0	1215	1101	34	1230	17	23	0
1053	0	1230	1101	34	1245	17	23	0
1053	0	1245	1101	34	1260	17	23	0
1053	0	1260	1101	34	1275	17	23	0
1053	0	1275	1101	34	1290	17	23	0
1053	0	1290	1101	34	1305	17	23	0
1053	0	1305	1101	34	1320	17	23	0
1053	0	1320	1101	34	1335	17	23	0
1053	0	1335	1101	34	1350	17	23	0
1053	0	1350	1101	34	1365	17	23	0
1053	0	1365	1101	34	1380	17	23	0
1053	0	1380	1101	34	1395	17	23	0
1053	0	1395	1101	34	1410	17	23	0
1053	0	1410	1101	34	1425	17	23	0
1053	0	1425	1101	34	1440	17	23	0
1053	0	1440	1101	34	1455	17	23	0
1053	0	1455	1101	34	1470	17	23	0
1053	0	1470	1101	34	1485	17	23	0
1053	0	1485	1101	34	1500	17	23	0
1053	0	1500	1101	34	1515	17	23	0
1053	0	1515	1101	34	1530	17	23	0
1053	0	1530	1101	34	1545	17	23	0
1053	0	1545	1101	34	1560	17	23	0
1053	0	1560	1101	34	1575	17	23	0
1053	0	1575	1101	34	1590	17	23	0
1053	0	1590	1101	34	1605	17	23	0
1053	0	1605	1101	34	1620	17	23	0
1053	0	1620	1101	34	1635	17	23	0
1053	0	1635	1101	34	1650	17	23	0
1053	0	1650	1101	34	1665	17	23	0
1053	0	1665	1101	34	1680	17	23	0
1053	0	1680	1101	34	1695	17	23	0
1053	0	1695	1101	34	1710	17	23	0
1053	0	1710	1101	34	1725	17	23	0
1053	0	1725	1101	34	1740	17	23	0
1053	0	1740	1101	34	1755	17	23	0
1053	0	1755	1101	34	1770	17	23	0
1053	0	1770	1101	34	1785	17	23	0
1053	0	1785	1101	34	1800	17	23	0
1053	0	1800	1101	34	1815	17	23	0
1053	0	1815	1101	34	1830	17	23	0
1053	0	1830	1101	34	1845	17	23	0
1053	0	1845	1101	34	1860	17	23	0
1053	0	1860	1101	34	1875	17	23	0
1053	0	1875	1101	34	1890	17	23	0
1053	0	1890	1101	34	1905	17	23	0
1053	0	1905	1101	34	1920	17	23	0
1053	0	1920	1101	34	1935	17	23	0
1053	0	1935	1101	34	1950	17	23	0
1053	0	1950	1101	34	1965	17	23	0
1053	0	1965	1101	34	1980	17	23	0
1053	0	1980	1101	34	1995	17	23	0
1053	0	1995	1101	34	2010	17	23	0
1053	0	2010	1101	34	2025	17	23	0
1053	0	2025	1101	34	2040	17	23	0
1053	0	2040	1101	34	2055	17	23	0
1053	0	2055	1101	34	2070	17	23	0
1053	0	2070	1101	34	2085	17	23	0
1053	0	2085	1101	34	2100	17	23	0
1053	0	2100	1101	34	2115	17	23	0
1053	0	2115	1101	34	2130	17	23	0
1053	0	2130	1101	34	2145	17	23	0
1053	0	2145	1101	34	2160	17	23	0
1053	0	2160	1101	34	2175	17	23	0
1053	0	2175	1101	34	2190	17	23	0
1053	0	2190	1101	34	2205	17	23	0
1053	0	2205	1101	34	2220	17	23	0
1053	0	2220	1101	34	2235	17	23	0
1053	0	2235	1101	34	2250	17	23	0
1053	0	2250	1101	34	2265	17	23	0
1053	0	2265	1101	34	2280	17	23	0
1053	0	2280	1101	34	2295	17	23	0
1053	0	2295	1101	34	2310	17	23	0
1053	0	2310	1101	34	2325	17	23	0
1053	0	2325	1101	34	2340	17	23	0
1053	0	2340	1101	34	2355	17	23	0
1053	0	2355	1101	34	2370	17	23	0
1053	0	2370	1101	34	2385	17	23	0
1053	0	2385	1101	34	2400	17	23	0
1053	0	2400	1101	34	2415	17	23	0
1053	0	2415	1101	34	2430	17	23	0
1053	0	2430	1101	34	2445	17	23	0
1053	0	2445	1101	34	2460	17	23	0
1053	0	2460	1101	34	2475	17	23	0
1053	0	2475	1101	34	2490	17	23	0
1053	0	2490	1101	34	2505	17	23	0
1053	0	2505	1101	34	2520	17	23	0
1053	0	2520	1101	34	2535	17	23	0
1053	0	2535	1101	34	2550	17	23	0
1053	0	2550	1101	34	2565	17	23	0
1053	0	2565	1101	34	2580	17	23	0
1053	0	2580	1101	34	2595	17	23	0
1053	0	2595	1101	34	2610	17	23	0
1053	0	2610	1101	34	2625	17	23	0
1053	0	2625	1101	34	2640	17	23	0
1053	0	2640	1101	34	2655	17	23	0
1053	0	2655	1101	34	2670	17	23	0
1053	0	2670	1101	34	2685	17	23	0
1053	0	2685	1101	34	2700	17	23	0
1053	0	2700	1101	34	2715	17	23	0
1053	0	2715	1101	34	2730	17	23	0
1053	0	2730	1101	34	2745	17	23	0
1053	0	2745	1101	34	2760	17	23	0
1053	0	2760	1101	34	2775	17	23	0
1053	0	2775	1101	34	2790	17	23	0
1053	0	2790	1101	34	2805	17	23	0
1053	0	2805	1101	34	2820	17	23	0
1053	0	2820	1101	34	2835	17	23	0
1053	0	2835	1101	34	2850	17	23	0
1053	0	2850	1101	34	2865	17	23	0
1053	0	2865	1101	34	2880	17	23	0
1053	0	2880	1101	34	2895	17	23	0
1053	0	2895	1101	34	2910	17	23	0
1053	0	2910	1101	34	2925	17	23	0
1053	0	2925	1101	34	2940	17	23	0
1053	0	2940	1101	34	2955	17	23	0
1053	0	2955	1101	34	2970	17	23	0
1053	0	2970	1101	34	2985	17	23	0
1053	0	2985	1101	34	3000	17	23	0
1053	0	3000	1101	34	3015	17	23	0
1053	0	3015	1101	34	3030	17	23	0
1053	0	3030	1101	34	3045	17	23	0
1053	0	3045	1101	34	3060	17	23	0
1053	0	3060	1101	34	3075	17	23	0
1053	0	3075	1101	34	3090	17	23	0
1053	0	3090	1101	34	3105	17	23	0
1053	0	3105	1101	34	3120	17	23	0
1053	0	3120	1101	34	3135	17	23	0
1053	0	3135	1101	34	3150	17	23	0
1053	0	3150	1101	34	3165	17	23	0
1053	0	3165	1101	34	3180	17	23	0
1053	0	3180	1101	34	3195	17	23	0
1053	0	3195	1101	34	3210	17	23	0
1053	0	3210	1101	34	3225	17	23	0
1053	0	3225	1101	34	3240	17	23	0
1053	0	3240	1101	34	3255	17	23	0
1053	0	3255	1101	34	3270	17	23	0
1053	0	3270	1101	34	3285	17	23	0
1053	0	3285	1101	34	3300	17	23	0
1102	0	0	1149	33	12	18	24	0
1150	0	0	1197	17	27	19	25	0
1198	0	0	1244	24	23	20	26	0
1245	0	0	1290	33	26	21	27	0
1245	0	26	1290	33	52	21	27	0
1245	0	52	1290	33	78	21	27	0
1291	0	0	1336	31	12	22	28	0
1291	0	12	1336	31	24	22	28	0
1291	0	24	1336	31	36	22	28	0
1337	0	0	1382	23	25	23	29	0
1337	0	25	1382	23	50	23	29	0
1337	0	50	1382	23	75	23	29	0
1337	0	75	1382	23	100	23	29	0
1383	0	0	1428	23	14	24	30	0
1383	0	14	1428	23	28	24	30	0
1383	0	28	1428	23	42	24	30	0
1383	0	42	1428	23	56	24	30	0
1383	0	56	1428	23	70	24	30	0
1383	0	70	1428	23	84	24	30	0
1383	0	84	1428	23	98	24	30	0
1429	0	0	1473	32	12	25	31	0
1429	0	12	1473	32	24	25	31	0
1429	0	24	1473	32	36	25	31	0
1429	0	36	1473	32	48	25	31	0
1429	0	48	1473	32	60	25	31	0
1429	0	60	1473	32	72	25	31	0
1429	0	72	1473	32	84	25	31	0
1429	0	84	1473	32	96	25	31	0
1429	0	96	1473	32	108	25	31	0
1429	0	108	1473	32	120	25	31	0
1429	0	120	1473	32	132	25	31	0
1429	0	132	1473	32	144	25	31	0
1429	0	144	1473	32	156	25	31	0
1429	0	156	1473	32	168	25	31	0
1429	0	168	1473	32	180	25	31	0
1429	0	180	1473	32	192	25	31	0
1429	0	192	1473	32	204	25	31	0
1474	0	0	1518	32	25	26	32	0
1474	0	25	1518	32	50	26	32	0
1519	0	0	1563	32	12	27	33	0
1564	0	0	1608	36	14	28	34	0
1564	0	14	1608	36	28	28	34	0
1564	0	28	1608	36	42	28	34	0
1564	0	42	1608	36	56	28	34	0
1564	0	56	1608	36	70	28	34	0
1564	0	70	1608	36	84	28	34	0
1564	0	84	1608	36	98	28	34	0
1564	0	98	1608	36	112	28	34	0
1564	0	112	1608	36	126	28	34	0
1564	0	126	1608	36	140	28	34	0
1564	0	140	1608	36	154	28	34	0
1564	0	154	1608	36	168	28	34	0
1564	0	168	1608	36	182	28	34	0
1564	0	182	1608	36	196	28	34	0
1564	0	196	1608	36	210	28	34	0
1564	0	210	1608	36	224	28	34	0
1564	0	224	1608	36	238	28	34	0
1564	0	238	1608	36	252	28	34	0
1564	0	252	1608	36	266	28	34	0
1564	0	266	1608	36	280	28	34	0
1564	0	280	1608	36	294	28	34	0
1564	0	294	1608	36	308	28	34	0
1564	0	308	1608	36	322	28	34	0
1564	0	322	1608	36	336	28	34	0
1564	0	336	1608	36	350	28	34	0
1564	0	350	1608	36	364	28	34	0
1609	0	0	1652	21	22	29	35	0
1609	0	22	1652	21	44	29	35	0
1609	0	44	1652	21	66	29	35	0
1609	0	66	1652	21	88	29	35	0
1609	0	88	1652	21	110	29	35	0
1609	0	110	1652	21	132	29	35	0
1653	0	0	1696	29	22	30	36	0
1697	0	0	1738	16	26	31	37	0
1697	0	26	1738	16	52	31	37	0
1697	0	52	1738	16	78	31	37	0
1697	0	78	1738	16	104	31	37	0
1697	0	104	1738	16	130	31	37	0
1697	0	130	1738	16	156	31	37	0
1697	0	156	1738	16	182	31	37	0
1697	0	182	1738	16	208	31	37	0
1697	0	208	1738	16	234	31	37	0
1697	0	234	1738	16	260	31	37	0
1739	0	0	1779	16	11	32	38	0
1739	0	11	1779	16	22	32	38	0
1780	0	0	1820	20	29	33	39	0
1821	0	0	1861	23	32	34	40	0
1862	0	0	1902	23	32	35	41	0
1903	0	0	1942	29	25	36	42	0
1943	0	0	1981	32	36	37	43	0
1943	0	36	1981	32	72	37	43	0
1943	0	72	1981	32	108	37	43	0
1943	0	108	1981	32	144	37	43	0
1943	0	144	1981	32	180	37	43	0
1943	0	180	1981	32	216	37	43	0
1943	0	216	1981	32	252	37	43	0
1943	0	252	1981	32	288	37	43	0
1943	0	288	1981	32	324	37	43	0
1943	0	324	1981	32	360	37	43	0
1943	0	360	1981	32	396	37	43	0
1943	0	396	1981	32	432	37	43	0
1982	0	0	2020	23	27	38	44	0
1982	0	27	2020	23	54	38	44	0
1982	0	54	2020	23	81	38	44	0
1982	0	81	2020	23	108	38	44	0
2021	0	0	2059	21	24	39	45	0
2021	0	24	2059	21	48	39	45	0
2021	0	48	2059	21	72	39	45	0
2021	0	72	2059	21	96	39	45	0
2021	0	96	2059	21	120	39	45	0
2021	0	120	2059	21	144	39	45	0
2021	0	144	2059	21	168	39	45	0
2021	0	168	2059	21	192	39	45	0
2021	0	192	2059	21	216	39	45	0
2021	0	216	2059	21	240	39	45	0
2021	0	240	2059	21	264	39	45	0
2060	0	0	2098	23	23	40	46	0
2060	0	23	2098	23	46	40	46	0
2060	0	46	2098	23	69	40	46	0
2060	0	69	2098	23	92	40	46	0
2099	0	0	2137	22	23	41	47	0
2138	0	0	2176	23	23	42	48	0
2138	0	23	2176	23	46	42	48	0
2138	0	46	2176	23	69	42	48	0
2138	0	69	2176	23	92	42	48	0
2138	0	92	2176	23	115	42	48	0
2138	0	115	2176	23	138	42	48	0
2138	0	138	2176	23	161	42	48	0
2138	0	161	2176	23	184	42	48	0
2177	0	0	2215	30	30	43	49	0
2177	0	30	2215	30	60	43	49	0
2177	0	60	2215	30	90	43	49	0
2177	0	90	2215	30	120	43	49	0
2177	0	120	2215	30	150	43	49	0
2177	0	150	2215	30	180	43	49	0
2177	0	180	2215	30	210	43	49	0
2177	0	210	2215	30	240	43	49	0
2177	0	240	2215	30	270	43	49	0
2177	0	270	2215	30	300	43	49	0
2177	0	300	2215	30	330	43	49	0
2177	0	330	2215	30	360	43	49	0
2216	0	0	2253	23	18	44	50	0
2216	0	18	2253	23	36	44	50	0
2254	0	0	2291	22	29	45	51	0
2254	0	29	2291	22	58	45	51	0
2254	0	58	2291	22	87	45	51	0
2254	0	87	2291	22	116	45	51	0
2254	0	116	2291	22	145	45	51	0
2254	0	145	2291	22	174	45	51	0
2254	0	174	2291	22	203	45	51	0
2254	0	203	2291	22	232	45	51	0
2254	0	232	2291	22	261	45	51	0
2254	0	261	2291	22	290	45	51	0
2292	0	0	2328	29	34	46	52	0
2292	0	34	2328	29	68	46	52	0
2292	0	68	2328	29	102	46	52	0
2292	0	102	2328	29	136	46	52	0
2292	0	136	2328	29	170	46	52	0
2292	0	170	2328	29	204	46	52	0
2292	0	204	2328	29	238	46	52	0
2292	0	238	2328	29	272	46	52	0
2292	0	272	2328	29	306	46	52	0
2292	0	306	2328	29	340	46	52	0
2292	0	340	2328	29	374	46	52	0
2292	0	374	2328	29	408	46	52	0
2292	0	408	2328	29	442	46	52	0
2292	0	442	2328	29	476	46	52	0
2292	0	476	2328	29	510	46	52	0
2292	0	510	2328	29	544	46	52	0
2292	0	544	2328	29	578	46	52	0
2292	0	578	2328	29	612	46	52	0
2292	0	612	2328	29	646	46	52	0
2292	0	646	2328	29	680	46	52	0
2292	0	680	2328	29	714	46	52	0
2292	0	714	2328	29	748	46	52	0
2292	0	748	2328	29	782	46	52	0
2292	0	782	2328	29	816	46	52	0
2292	0	816	2328	29	850	46	52	0
2292	0	850	2328	29	884	46	52	0
2292	0	884	2328	29	918	46	52	0
2292	0	918	2328	29	952	46	52	0
2292	0	952	2328	29	986	46	52	0
2292	0	986	2328	29	1020	46	52	0
2292	0	1020	2328	29	1054	46	52	0
2292	0	1054	2328	29	1088	46	52	0
2292	0	1088	2328	29	1122	46	52	0
2292	0	1122	2328	29	1156	46	52	0
2292	0	1156	2328	29	1190	46	52	0
2292	0	1190	2328	29	1224	46	52	0
2292	0	1224	2328	29	1258	46	52	0
2292	0	1258	2328	29	1292	46	52	0
2329	0	0	2365	28	34	47	53	0
2329	0	34	2365	28	68	47	53	0
2329	0	68	2365	28	102	47	53	0
2329	0	102	2365	28	136	47	53	0
2329	0	136	2365	28	170	47	53	0
2329	0	170	2365	28	204	47	53	0
2329	0	204	2365	28	238	47	53	0
2329	0	238	2365	28	272	47	53	0
2329	0	272	2365	28	306	47	53	0
2329	0	306	2365	28	340	47	53	0
2329	0	340	2365	28	374	47	53	0
2329	0	374	2365	28	408	47	53	0
2329	0	408	2365	28	442	47	53	0
2329	0	442	2365	28	476	47	53	0
2329	0	476	2365	28	510	47	53	0
2329	0	510	2365	28	544	47	53	0
2329	0	544	2365	28	578	47	53	0
2329	0	578	2365	28	612	47	53	0
2329	0	612	2365	28	646	47	53	0
2329	0	646	2365	28	680	47	53	0
2329	0	680	2365	28	714	47	53	0
2329	0	714	2365	28	748	47	53	0
2329	0	748	2365	28	782	47	53	0
2329	0	782	2365	28	816	47	53	0
2329	0	816	2365	28	850	47	53	0
2329	0	850	2365	28	884	47	53	0
2329	0	884	2365	28	918	47	53	0
2329	0	918	2365	28	952	47	53	0
2329	0	952	2365	28	986	47	53	0
2329	0	986	2365	28	1020	47	53	0
2329	0	1020	2365	28	1054	47	53	0
2329	0	1054	2365	28	1088	47	53	0
2329	0	1088	2365	28	1122	47	53	0
2329	0	1122	2365	28	1156	47	53	0
2329	0	1156	2365	28	1190	47	53	0
2329	0	1190	2365	28	1224	47	53	0
2329	0	1224	2365	28	1258	47	53	0
2329	0	1258	2365	28	1292	47	53	0
2329	0	1292	2365	28	1326	47	53	0
2329	0	1326	2365	28	1360	47	53	0
2329	0	1360	2365	28	1394	47	53	0
2329	0	1394	2365	28	1428	47	53	0
2329	0	1428	2365	28	1462	47	53	0
2329	0	1462	2365	28	1496	47	53	0
2329	0	1496	2365	28	1530	47	53	0
2329	0	1530	2365	28	1564	47	53	0
2329	0	1564	2365	28	1598	47	53	0
2329	0	1598	2365	28	1632	47	53	0
2329	0	1632	2365	28	1666	47	53	0
2329	0	1666	2365	28	1700	47	53	0
2329	0	1700	2365	28	1734	47	53	0
2329	0	1734	2365	28	1768	47	53	0
2329	0	1768	2365	28	1802	47	53	0
2329	0	1802	2365	28	1836	47	53	0
2329	0	1836	2365	28	1870	47	53	0
2329	0	1870	2365	28	1904	47	53	0
2366	0	0	2401	32	24	48	54	0
2402	0	0	2436	31	23	49	55	0
2402	0	23	2436	31	46	49	55	0
2402	0	46	2436	31	69	49	55	0
2402	0	69	2436	31	92	49	55	0
2402	0	92	2436	31	115	49	55	0
2402	0	115	2436	31	138	49	55	0
2402	0	138	2436	31	161	49	55	0
2402	0	161	2436	31	184	49	55	0
2402	0	184	2436	31	207	49	55	0
2402	0	207	2436	31	230	49	55	0
2402	0	230	2436	31	253	49	55	0
2402	0	253	2436	31	276	49	55	0
2402	0	276	2436	31	299	49	55	0
2402	0	299	2436	31	322	49	55	0
2402	0	322	2436	31	345	49	55	0
2402	0	345	2436	31	368	49	55	0
2402	0	368	2436	31	391	49	55	0
2402	0	391	2436	31	414	49	55	0
2402	0	414	2436	31	437	49	55	0
2402	0	437	2436	31	460	49	55	0
2402	0	460	2436	31	483	49	55	0
2402	0	483	2436	31	506	49	55	0
2402	0	506	2436	31	529	49	55	0
2402	0	529	2436	31	552	49	55	0
2402	0	552	2436	31	575	49	55	0
2402	0	575	2436	31	598	49	55	0
2402	0	598	2436	31	621	49	55	0
2402	0	621	2436	31	644	49	55	0
2402	0	644	2436	31	667	49	55	0
2402	0	667	2436	31	690	49	55	0
2402	0	690	2436	31	713	49	55	0
2402	0	713	2436	31	736	49	55	0
2402	0	736	2436	31	759	49	55	0
2402	0	759	2436	31	782	49	55	0
2402	0	782	2436	31	805	49	55	0
2402	0	805	2436	31	828	49	55	0
2402	0	828	2436	31	851	49	55	0
2402	0	851	2436	31	874	49	55	0
2402	0	874	2436	31	897	49	55	0
2402	0	897	2436	31	920	49	55	0
2402	0	920	2436	31	943	49	55	0
2402	0	943	2436	31	966	49	55	0
2402	0	966	2436	31	989	49	55	0
2402	0	989	2436	31	1012	49	55	0
2402	0	1012	2436	31	1035	49	55	0
2402	0	1035	2436	31	1058	49	55	0
2402	0	1058	2436	31	1081	49	55	0
2402	0	1081	2436	31	1104	49	55	0
2402	0	1104	2436	31	1127	49	55	0
2402	0	1127	2436	31	1150	49	55	0
2402	0	1150	2436	31	1173	49	55	0
2402	0	1173	2436	31	1196	49	55	0
2402	0	1196	2436	31	1219	49	55	0
2402	0	1219	2436	31	1242	49	55	0
2402	0	1242	2436	31	1265	49	55	0
2402	0	1265	2436	31	1288	49	55	0
2402	0	1288	2436	31	1311	49	55	0
2402	0	1311	2436	31	1334	49	55	0
2402	0	1334	2436	31	1357	49	55	0
2402	0	1357	2436	31	1380	49	55	0
2402	0	1380	2436	31	1403	49	55	0
2402	0	1403	2436	31	1426	49	55	0
2402	0	1426	2436	31	1449	49	55	0
2402	0	1449	2436	31	1472	49	55	0
2402	0	1472	2436	31	1495	49	55	0
2402	0	1495	2436	31	1518	49	55	0
2402	0	1518	2436	31	1541	49	55	0
2402	0	1541	2436	31	1564	49	55	0
2402	0	1564	2436	31	1587	49	55	0
2402	0	1587	2436	31	1610	49	55	0
2402	0	1610	2436	31	1633	49	55	0
2402	0	1633	2436	31	1656	49	55	0
2402	0	1656	2436	31	1679	49	55	0
2402	0	1679	2436	31	1702	49	55	0
2402	0	1702	2436	31	1725	49	55	0
2402	0	1725	2436	31	1748	49	55	0
2402	0	1748	2436	31	1771	49	55	0
2402	0	1771	2436	31	1794	49	55	0
2437	0	0	2470	29	26	50	56	0
2437	0	26	2470	29	52	50	56	0
2437	0	52	2470	29	78	50	56	0
2471	0	0	2504	24	25	51	57	0
2505	0	0	2538	20	27	52	58	0
2505	0	27	2538	20	54	52	58	0
2505	0	54	2538	20	81	52	58	0
2505	0	81	2538	20	108	52	58	0
2505	0	108	2538	20	135	52	58	0
2505	0	135	2538	20	162	52	58	0
2505	0	162	2538	20	189	52	58	0
2505	0	189	2538	20	216	52	58	0
2505	0	216	2538	20	243	52	58	0
2505	0	243	2538	20	270	52	58	0
2539	0	0	2572	24	21	53	59	0
2539	0	21	2572	24	42	53	59	0
2539	0	42	2572	24	63	53	59	0
2539	0	63	2572	24	84	53	59	0
2539	0	84	2572	24	105	53	59	0
2539	0	105	2572	24	126	53	59	0
2539	0	126	2572	24	147	53	59	0
2573	0	0	2605	17	25	54	60	0
2606	0	0	2637	31	25	55	61	0
2606	0	25	2637	31	50	55	61	0
2638	0	0	2669	24	13	56	62	0
2638	0	13	2669	24	26	56	62	0
2638	0	26	2669	24	39	56	62	0
2638	0	39	2669	24	52	56	62	0
2638	0	52	2669	24	65	56	62	0
2670	0	0	2701	24	13	57	63	0
2670	0	13	2701	24	26	57	63	0
2670	0	26	2701	24	39	57	63	0
2670	0	39	2701	24	52	57	63	0
2670	0	52	2701	24	65	57	63	0
2670	0	65	2701	24	78	57	63	0
2702	0	0	2733	24	13	58	64	0
2734	0	0	2765	17	17	59	65	0
2734	0	17	2765	17	34	59	65	0
2734	0	34	2765	17	51	59	65	0
2734	0	51	2765	17	68	59	65	0
2766	0	0	2796	15	16	60	66	0
2766	0	16	2796	15	32	60	66	0
2766	0	32	2796	15	48	60	66	0
2766	0	48	2796	15	64	60	66	0
2797	0	0	2827	17	17	61	67	0
2828	0	0	2858	11	13	62	68	0
2828	0	13	2858	11	26	62	68	0
2828	0	26	2858	11	39	62	68	0
2828	0	39	2858	11	52	62	68	0
2828	0	52	2858	11	65	62	68	0
2828	0	65	2858	11	78	62	68	0
2828	0	78	2858	11	91	62	68	0
2828	0	91	2858	11	104	62	68	0
2828	0	104	2858	11	117	62	68	0
2828	0	117	2858	11	130	62	68	0
2859	0	0	2889	19	24	63	69	0
2859	0	24	2889	19	48	63	69	0
2859	0	48	2889	19	72	63	69	0
2859	0	72	2889	19	96	63	69	0
2859	0	96	2889	19	120	63	69	0
2859	0	120	2889	19	144	63	69	0
2859	0	144	2889	19	168	63	69	0
2859	0	168	2889	19	192	63	69	0
2859	0	192	2889	19	216	63	69	0
2859	0	216	2889	19	240	63	69	0
2859	0	240	2889	19	264	63	69	0
2859	0	264	2889	19	288	63	69	0
2890	0	0	2920	29	26	64	70	0
2890	0	26	2920	29	52	64	70	0
2890	0	52	2920	29	78	64	70	0
2890	0	78	2920	29	104	64	70	0
2921	0	0	2951	19	24	65	71	0
2921	0	24	2951	19	48	65	71	0
2921	0	48	2951	19	72	65	71	0
2921	0	72	2951	19	96	65	71	0
2921	0	96	2951	19	120	65	71	0
2921	0	120	2951	19	144	65	71	0
2921	0	144	2951	19	168	65	71	0
2921	0	168	2951	19	192	65	71	0
2921	0	192	2951	19	216	65	71	0
2921	0	216	2951	19	240	65	71	0
2921	0	240	2951	19	264	65	71	0
2921	0	264	2951	19	288	65	71	0
2921	0	288	2951	19	312	65	71	0
2921	0	312	2951	19	336	65	71	0
2921	0	336	2951	19	360	65	71	0
2921	0	360	2951	19	384	65	71	0
2921	0	384	2951	19	408	65	71	0
2921	0	408	2951	19	432	65	71	0
2921	0	432	2951	19	456	65	71	0
2921	0	456	2951	19	480	65	71	0
2921	0	480	2951	19	504	65	71	0
2921	0	504	2951	19	528	65	71	0
2921	0	528	2951	19	552	65	71	0
2921	0	552	2951	19	576	65	71	0
2921	0	576	2951	19	600	65	71	0
2921	0	600	2951	19	624	65	71	0
2921	0	624	2951	19	648	65	71	0
2952	0	0	2981	21	13	66	72	0
2952	0	13	2981	21	26	66	72	0
2952	0	26	2981	21	39	66	72	0
2952	0	39	2981	21	52	66	72	0
2952	0	52	2981	21	65	66	72	0
2952	0	65	2981	21	78	66	72	0
2952	0	78	2981	21	91	66	72	0
2952	0	91	2981	21	104	66	72	0
2952	0	104	2981	21	117	66	72	0
2952	0	117	2981	21	130	66	72	0
2982	0	0	3011	23	10	67	73	0
2982	0	10	3011	23	20	67	73	0
2982	0	20	3011	23	30	67	73	0
2982	0	30	3011	23	40	67	73	0
2982	0	40	3011	23	50	67	73	0
2982	0	50	3011	23	60	67	73	0
2982	0	60	3011	23	70	67	73	0
2982	0	70	3011	23	80	67	73	0
2982	0	80	3011	23	90	67	73	0
2982	0	90	3011	23	100	67	73	0
2982	0	100	3011	23	110	67	73	0
2982	0	110	3011	23	120	67	73	0
2982	0	120	3011	23	130	67	73	0
2982	0	130	3011	23	140	67	73	0
2982	0	140	3011	23	150	67	73	0
2982	0	150	3011	23	160	67	73	0
2982	0	160	3011	23	170	67	73	0
3012	0	0	3041	25	13	68	74	0
3012	0	13	3041	25	26	68	74	0
3012	0	26	3041	25	39	68	74	0
3042	0	0	3071	23	10	69	75	0
3042	0	10	3071	23	20	69	75	0
3042	0	20	3071	23	30	69	75	0
3042	0	30	3071	23	40	69	75	0
3042	0	40	3071	23	50	69	75	0
3042	0	50	3071	23	60	69	75	0
3042	0	60	3071	23	70	69	75	0
3042	0	70	3071	23	80	69	75	0
3042	0	80	3071	23	90	69	75	0
3042	0	90	3071	23	100	69	75	0
3042	0	100	3071	23	110	69	75	0
3042	0	110	3071	23	120	69	75	0
3042	0	120	3071	23	130	69	75	0
3042	0	130	3071	23	140	69	75	0
3042	0	140	3071	23	150	69	75	0
3042	0	150	3071	23	160	69	75	0
3072	0	0	3101	24	23	70	76	0
3072	0	23	3101	24	46	70	76	0
3102	0	0	3131	29	25	71	77	0
3102	0	25	3131	29	50	71	77	0
3102	0	50	3131	29	75	71	77	0
3102	0	75	3131	29	100	71	77	0
3102	0	100	3131	29	125	71	77	0
3102	0	125	3131	29	150	71	77	0
3132	0	0	3161	16	22	72	78	0
3132	0	22	3161	16	44	72	78	0
3132	0	44	3161	16	66	72	78	0
3132	0	66	3161	16	88	72	78	0
3132	0	88	3161	16	110	72	78	0
3132	0	110	3161	16	132	72	78	0
3132	0	132	3161	16	154	72	78	0
3132	0	154	3161	16	176	72	78	0
3132	0	176	3161	16	198	72	78	0
3132	0	198	3161	16	220	72	78	0
3132	0	220	3161	16	242	72	78	0
3132	0	242	3161	16	264	72	78	0
3132	0	264	3161	16	286	72	78	0
3132	0	286	3161	16	308	72	78	0
3132	0	308	3161	16	330	72	78	0
3132	0	330	3161	16	352	72	78	0
3132	0	352	3161	16	374	72	78	0
3132	0	374	3161	16	396	72	78	0
3132	0	396	3161	16	418	72	78	0
3132	0	418	3161	16	440	72	78	0
3132	0	440	3161	16	462	72	78	0
3132	0	462	3161	16	484	72	78	0
3132	0	484	3161	16	506	72	78	0
3132	0	506	3161	16	528	72	78	0
3132	0	528	3161	16	550	72	78	0
3132	0	550	3161	16	572	72	78	0
3132	0	572	3161	16	594	72	78	0
3132	0	594	3161	16	616	72	78	0
3132	0	616	3161	16	638	72	78	0
3132	0	638	3161	16	660	72	78	0
3132	0	660	3161	16	682	72	78	0
3132	0	682	3161	16	704	72	78	0
3132	0	704	3161	16	726	72	78	0
3132	0	726	3161	16	748	72	78	0
3132	0	748	3161	16	770	72	78	0
3132	0	770	3161	16	792	72	78	0
3132	0	792	3161	16	814	72	78	0
3132	0	814	3161	16	836	72	78	0
3132	0	836	3161	16	858	72	78	0
3132	0	858	3161	16	880	72	78	0
3132	0	880	3161	16	902	72	78	0
3132	0	902	3161	16	924	72	78	0
3132	0	924	3161	16	946	72	78	0
3132	0	946	3161	16	968	72	78	0
3132	0	968	3161	16	990	72	78	0
3132	0	990	3161	16	1012	72	78	0
3132	0	1012	3161	16	1034	72	78	0
3132	0	1034	3161	16	1056	72	78	0
3132	0	1056	3161	16	1078	72	78	0
3132	0	1078	3161	16	1100	72	78	0
3132	0	1100	3161	16	1122	72	78	0
3132	0	1122	3161	16	1144	72	78	0
3132	0	1144	3161	16	1166	72	78	0
3132	0	1166	3161	16	1188	72	78	0
3132	0	1188	3161	16	1210	72	78	0
3132	0	1210	3161	16	1232	72	78	0
3132	0	1232	3161	16	1254	72	78	0
3132	0	1254	3161	16	1276	72	78	0
3132	0	1276	3161	16	1298	72	78	0
3132	0	1298	3161	16	1320	72	78	0
3132	0	1320	3161	16	1342	72	78	0
3132	0	1342	3161	16	1364	72	78	0
3132	0	1364	3161	16	1386	72	78	0
3132	0	1386	3161	16	1408	72	78	0
3132	0	1408	3161	16	1430	72	78	0
3132	0	1430	3161	16	1452	72	78	0
3132	0	1452	3161	16	1474	72	78	0
3132	0	1474	3161	16	1496	72	78	0
3132	0	1496	3161	16	1518	72	78	0
3132	0	1518	3161	16	1540	72	78	0
3132	0	1540	3161	16	1562	72	78	0
3132	0	1562	3161	16	1584	72	78	0
3132	0	1584	3161	16	1606	72	78	0
3132	0	1606	3161	16	1628	72	78	0
3132	0	1628	3161	16	1650	72	78	0
3132	0	1650	3161	16	1672	72	78	0
3132	0	1672	3161	16	1694	72	78	0
3132	0	1694	3161	16	1716	72	78	0
3132	0	1716	3161	16	1738	72	78	0
3132	0	1738	3161	16	1760	72	78	0
3132	0	1760	3161	16	1782	72	78	0
3162	0	0	3191	24	16	73	79	0
3162	0	16	3191	24	32	73	79	0
3162	0	32	3191	24	48	73	79	0
3162	0	48	3191	24	64	73	79	0
3192	0	0	3221	20	23	74	80	0
3192	0	23	3221	20	46	74	80	0
3192	0	46	3221	20	69	74	80	0
3192	0	69	3221	20	92	74	80	0
3192	0	92	3221	20	115	74	80	0
3192	0	115	3221	20	138	74	80	0
3192	0	138	3221	20	161	74	80	0
3192	0	161	3221	20	184	74	80	0
3222	0	0	3251	25	37	75	81	0
3222	0	37	3251	25	74	75	81	0
3222	0	74	3251	25	111	75	81	0
3222	0	111	3251	25	148	75	81	0
3222	0	148	3251	25	185	75	81	0
3252	0	0	3280	14	21	76	82	0
3252	0	21	3280	14	42	76	82	0
3252	0	42	3280	14	63	76	82	0
3252	0	63	3280	14	84	76	82	0
3252	0	84	3280	14	105	76	82	0
3252	0	105	3280	14	126	76	82	0
3252	0	126	3280	14	147	76	82	0
3252	0	147	3280	14	168	76	82	0
3252	0	168	3280	14	189	76	82	0
3281	0	0	3309	19	17	77	83	0
3281	0	17	3309	19	34	77	83	0
3281	0	34	3309	19	51	77	83	0
3281	0	51	3309	19	68	77	83	0
3281	0	68	3309	19	85	77	83	0
3281	0	85	3309	19	102	77	83	0
3281	0	102	3309	19	119	77	83	0
3281	0	119	3309	19	136	77	83	0
3281	0	136	3309	19	153	77	83	0
3281	0	153	3309	19	170	77	83	0
3281	0	170	3309	19	187	77	83	0
3281	0	187	3309	19	204	77	83	0
3310	0	0	3338	13	25	78	84	0
3339	0	0	3367	20	11	79	85	0
3339	0	11	3367	20	22	79	85	0
3339	0	22	3367	20	33	79	85	0
3339	0	33	3367	20	44	79	85	0
3339	0	44	3367	20	55	79	85	0
3368	0	0	3396	24	93	80	86	0
3368	0	93	3396	24	186	80	86	0
3368	0	186	3396	24	279	80	86	0
3368	0	279	3396	24	372	80	86	0
3368	0	372	3396	24	465	80	86	0
3368	0	465	3396	24	558	80	86	0
3368	0	558	3396	24	651	80	86	0
3368	0	651	3396	24	744	80	86	0
3368	0	744	3396	24	837	80	86	0
3368	0	837	3396	24	930	80	86	0
3368	0	930	3396	24	1023	80	86	0
3397	0	0	3425	23	25	81	87	0
3397	0	25	3425	23	50	81	87	0
3397	0	50	3425	23	75	81	87	0
3397	0	75	3425	23	100	81	87	0
3397	0	100	3425	23	125	81	87	0
3397	0	125	3425	23	150	81	87	0
3397	0	150	3425	23	175	81	87	0
3426	0	0	3454	21	16	82	88	0
3426	0	16	3454	21	32	82	88	0
3426	0	32	3454	21	48	82	88	0
3426	0	48	3454	21	64	82	88	0
3455	0	0	3483	14	17	83	89	0
3484	0	0	3512	15	16	84	90	0
3484	0	16	3512	15	32	84	90	0
3484	0	32	3512	15	48	84	90	0
3484	0	48	3512	15	64	84	90	0
3513	0	0	3541	23	25	85	91	0
3542	0	0	3569	21	17	86	92	0
3542	0	17	3569	21	34	86	92	0
3570	0	0	3597	14	24	87	93	0
3598	0	0	3625	24	24	88	94	0
3626	0	0	3653	24	24	89	95	0
3626	0	24	3653	24	48	89	95	0
3626	0	48	3653	24	72	89	95	0
3626	0	72	3653	24	96	89	95	0
3654	0	0	3680	24	24	90	96	0
3681	0	0	3707	22	24	91	97	0
3681	0	24	3707	22	48	91	97	0
3681	0	48	3707	22	72	91	97	0
3681	0	72	3707	22	96	91	97	0
3681	0	96	3707	22	120	91	97	0
3708	0	0	3734	21	23	92	98	0
3708	0	23	3734	21	46	92	98	0
3708	0	46	3734	21	69	92	98	0
3708	0	69	3734	21	92	92	98	0
3708	0	92	3734	21	115	92	98	0
3708	0	115	3734	21	138	92	98	0
3735	0	0	3761	25	11	93	99	0
3762	0	0	3788	19	19	94	100	0
3762	0	19	3788	19	38	94	100	0
3762	0	38	3788	19	57	94	100	0
3762	0	57	3788	19	76	94	100	0
3762	0	76	3788	19	95	94	100	0
3762	0	95	3788	19	114	94	100	0
3762	0	114	3788	19	133	94	100	0
3789	0	0	3815	25	11	95	101	0
3789	0	11	3815	25	22	95	101	0
3789	0	22	3815	25	33	95	101	0
3789	0	33	3815	25	44	95	101	0
3789	0	44	3815	25	55	95	101	0
3816	0	0	3841	14	19	96	102	0
3816	0	19	3841	14	38	96	102	0
3816	0	38	3841	14	57	96	102	0
3842	0	0	3867	14	21	97	103	0
3842	0	21	3867	14	42	97	103	0
3868	0	0	3893	12	13	98	104	0
